0	18949.518203315187
1	7056.352141636109
2	8185.073383497052
3	8172.978472740924
4	8436.99065058112
5	8358.146205592804
6	7761.371847040681
7	7338.192604110669
8	6883.738969884685
9	6343.611937571385
10	5651.140610166486
11	5350.241674174549
12	4932.544306385904
13	4594.473044311377
14	4118.35826258692
15	3737.7387282093628
16	3532.1729834064313
17	3262.612800785547
18	2926.2736319721516
19	2622.0078781682882
20	2421.4893935777177
21	2134.718865452035
22	1967.5041481107373
23	1778.4358395454371
24	1630.6865989638518
25	1380.229668728006
26	1364.2725781230426
27	1193.7821031420824
28	1093.941098679259
29	992.775131990418
30	850.2961901420072
31	778.7515930551783
32	727.3675957486545
33	637.6719688723841
34	566.2124868809042
35	521.2544972211414
36	462.1119991091331
37	420.310322932282
38	374.39241409171564
39	330.8615459407348
40	294.39680409325075
41	258.59316119142727
42	221.0679626261271
43	207.41614776100218
44	193.9960622132852
45	166.06386342958754
46	144.13784157512302
47	127.97370959874563
48	113.97318208823613
49	104.7876113316251
50	89.44011771237552
51	83.47048004616668
52	65.76759793996032
53	58.70648807679086
54	54.55258294729298
55	49.08223490082761
56	41.816270874525074
57	36.60365475988
58	30.138971891019587
59	26.452802091383056
60	25.26264636165041
61	20.426368101302348
62	17.476717832599835
63	15.38429261900298
64	12.943338584024069
65	11.36611441034227
66	9.511068613747463
67	8.322098446546725
68	6.9783654697074855
69	5.582638590395704
70	4.959758473727257
71	4.152833750810374
72	3.6994113336603056
73	3.195282342997515
74	2.7799636026016286
75	2.6658698306882735
76	2.405046048074671
77	2.2314741339718687
78	2.1820276394509768
79	2.111992421197873
80	2.069667089381087
81	2.035429160464169
82	2.013743925648288
83	2.0433414416363154
84	1.9940220688031773
85	1.9793864720386114
86	1.989957850015243
87	1.977629709979013
88	1.9680187580472979
89	1.9238717796655769
90	1.8974224889808158
91	1.8544908679298309
92	1.8949113911393693
93	1.8388972629353573
94	1.872465040172804
95	1.8417464855307422
96	1.8402591267411657
97	1.8683918486132773
98	1.816360727379352
99	1.8155646475436678
100	1.779376409800446
101	1.7728787931989145
102	1.7541987579921878
103	1.7606573399132304
104	1.6772540388070278
105	1.7446606408767893
106	1.6672942151727383
107	1.702718838271272
108	1.6874631911488522
109	1.6994259464432089
110	1.6819886918028095
111	1.6706080911016465
112	1.6486537982189506
113	1.6185969601289893
114	1.5995284398531322
115	1.6039347453401054
116	1.6027506205427227
117	1.5766154917300206
118	1.5733573382134434
119	1.6205880844139315
120	1.5611287256953612
121	1.5840107298756374
122	1.5033184541656532
123	1.5251759582373516
124	1.5012380287806821
125	1.464302232967698
126	1.5313430657083775
127	1.4457610176644256
128	1.441322067151395
129	1.5317574967906338
130	1.4794213320541745
131	1.4793444307725303
132	1.4431594003121095
133	1.407256992407355
134	1.3908423863324109
135	1.3992651335636936
136	1.3902388500657508
137	1.425868895699535
138	1.382505861685164
139	1.3787328830879495
140	1.330436959181818
141	1.336133645713038
142	1.3188406572679625
143	1.3178116452703548
144	1.3488846030623989
145	1.3307256892195958
146	1.2886744070881968
147	1.2973952200151648
148	1.2758014143063185
149	1.2737918079651798
150	1.251683567047485
151	1.2536117162763722
152	1.251179729060939
153	1.2313536025989233
154	1.2025044488817527
155	1.2281356236848104
156	1.2181151429223585
157	1.216405347978845
158	1.1733326794549856
159	1.1698369196741638
160	1.1849677076346572
161	1.1441739996092106
162	1.18518086797367
163	1.1481669590372456
164	1.1369370545901636
165	1.1423357972878772
166	1.1476933627126515
167	1.1194865124273226
168	1.0966998124340497
169	1.091494782742707
170	1.1035863665501966
171	1.1007649981539267
172	1.1081274119812297
173	1.0767886438229066
174	1.047285500797626
175	1.0511558888497623
176	1.0654091889476223
177	1.0380553791284912
178	1.030077090342379
179	1.0331835984393418
180	0.9969744538415655
181	1.006716659469437
182	0.9778816202859032
183	1.0073974915119572
184	0.9674019286760742
185	1.0027295088182202
186	0.963204398684373
187	0.9592783651051547
188	0.9612869182952997
189	0.960437551441734
190	0.9777752121938358
191	0.9313745126862277
192	0.9078180935888776
193	0.9384429150193655
194	0.9222998022313184
195	0.844095804934904
196	0.9185324407727601
197	0.8840180756939426
198	0.9225794886782241
199	0.9085922803029972
200	0.8757357208651424
202.31589085197973	0.8569612229038361
204.65859845615083	0.8515242919346765
207.02843333586878	0.8273955495316189
209.42570961017992	0.8025259664432098
211.85074503545778	0.8011764364670942
214.30386104752128	0.7993346821997025
216.78538280424073	0.7932127274483379
219.29563922863701	0.7475537198067771
221.8349630524802	0.7206792932888697
224.40369086039266	0.7350991493493608
227.00216313446302	0.7343825240912093
229.63072429937657	0.6909002543423309
232.28972276806857	0.682785413104149
234.9795109879059	0.6830403929938472
237.7004454874037	0.6425350051789286
240.4528869234826	0.6392488740298409
243.23720012927362	0.6397943276635998
246.0537541624763	0.6250572029947514
248.902922354277	0.5986822945856125
251.78508235883345	0.588532147201954
254.70061620333234	0.5672435305961212
257.6499103386268	0.5741354874412676
260.6333556904599	0.5572434279784905
263.6513477112814	0.5300403152088311
266.7042864326648	0.5208229436731543
269.7925765183307	0.510461516458342
272.9166273177849	0.5046066929517513
276.0768529205769	0.49204735758250734
279.27367221118755	0.47950425434328015
282.50750892455085	0.46041000718303793
285.7787917022206	0.4568355506255089
289.08795414918546	0.44320995036209165
292.4354348913437	0.42633780599587967
295.8216776336415	0.4158810104806429
299.2471312188867	0.41706173149509074
302.71224968724164	0.39576998958088083
306.217492336406	0.38174722694879343
309.7633237824963	0.36398486570835803
313.3502140216298	0.3632351138050015
316.97863849222273	0.3546458509754042
320.6490781380083	0.3439613619014439
324.362019471786	0.3294043317551393
328.11795463990785	0.3341986279591813
331.9173814875121	0.30584908410549017
335.76080362451205	0.3098237737290909
339.6487304923489	0.29263241368987886
343.5816774315176	0.28278970571154155
347.56016574987507	0.27496359701558815
351.58472279173856	0.26904038098674166
355.65588200778456	0.2543656241539429
359.77418302575757	0.24915258360055392
363.9401717219967	0.24112478609844532
368.1544002937912	0.2391082259208662
372.4174273325735	0.22769284203158816
376.7298178979601	0.20888820033342934
381.09214359264945	0.21102233175671709
385.50498263818724	0.19737418663479817
389.96891995160905	0.19493672404897994
394.4845472229707	0.18720297947795062
399.0524629937759	0.17490289881089197
403.67327273631213	0.178009385559311
408.34758893390585	0.1662519590414553
413.0760311621059	0.1580581545522076
417.8592261708079	0.15579026370492044
422.69780796732937	0.14256532209157355
427.59241790044643	0.1405813252157457
432.54370474540406	0.1357944253801674
437.55232478991053	0.129939987053064
442.61894192112754	0.12455940328808837
447.74422771366795	0.11664632269265807
452.92886151861194	0.11376339539211223
458.17353055355466	0.1090374726447931
463.47892999369566	0.10185810192482671
468.8457630639844	0.10062984100067929
474.27474113233103	0.09200649209804003
479.7665838038981	0.09096855944967283
485.32201901648307	0.08254648627569706
490.9417831370061	0.08305411402774532
496.6266210591141	0.07710566674284651
502.377286301916	0.07285403196702113
508.19454110986106	0.06994214555688635
514.0791565537728	0.06341469474766455
520.0319126330545	0.06263699452563681
526.0535983790763	0.060045963257721366
532.145011959762	0.05475723401643441
538.3069607853831	0.0541573880549732
544.5402616155825	0.049930973939673745
550.8457406676332	0.04709324739269224
557.224233725954	0.04374847348859172
563.6765862528907	0.04197792122674677
570.2036535007819	0.03839737646407821
576.8063006253212	0.03624311474500797
583.4854028002334	0.034914080697840896
590.2418453332772	0.032707397287560405
597.0765237835919	0.031066889059378038
603.9903440804032	0.028397332625916108
610.9842226431026	0.025652935329391974
618.0590865027181	0.02479748241451543
625.215873424791	0.023334672777638277
632.4555320336759	0.020703354116959102
639.7790219382796	0.019843441873879163
647.1873138592565	0.018551485380831494
654.6813897576765	0.016936612512769168
662.2622429651823	0.015878165992455413
669.9308783156553	0.014599362859822598
677.6883122784051	0.0129205336584271
685.5355730929008	0.012569086258005756
693.4737009050633	0.011077997893374084
701.503747905136	0.010616690107456205
709.626778467151	0.009249019772940997
717.8438692900105	0.008780364430524856
726.1561095402028	0.007652786274110275
734.5646009961694	0.007033865716972492
743.0704581943452	0.006473893509049303
751.6748085768884	0.005772021189733079
760.3787926411223	0.005223232667825958
769.183564090707	0.004573823423350833
778.0902899885612	0.004065997950950432
787.1001509115548	0.0036908090401997773
796.2143411069944	0.003258231464374523
805.4340686509182	0.002887913713699448
814.7605556082254	0.0025158474447227043
824.1950381946604	0.0022260834559441694
833.7387669406708	0.0018684602999596534
843.3930068571644	0.0016721759584421782
853.1590376031854	0.0013561374738757853
863.0381536555306	0.0011857050829425443
873.031664480332	0.000997698832354495
883.1408947066251	0.0007569804297825363
893.3671843019264	0.0006824857586011882
903.7118887498448	0.0005131129243293611
914.1763792297502	0.00041456261515317134
924.7620427985206	0.0002943113842155255
935.4702825743965	0.00023751196595354218
946.3025179229611	0.00015853495901058904
957.2601846452768	0.00011471964889158545
968.3447351681988	0.00005971963869891007
979.5576387368925	0.000028331015660089172
990.9003816095807	8.782846760374393e-6
1002.3744672545447	1.1691177331667124e-6
1013.9814165494086	2.1820117462231104e-8
1025.7227679827297	0.
1037.600077857922	0.
1049.6149204995452	0.
1061.7688884619768	0.
1074.0635927405053	0.
1086.5006629848663	0.
1099.081747715249	0.
1111.8085145408072	0.
1124.6826503806983	0.
1137.705861687683	0.
1150.879874674314	0.
1164.2064355417428	0.
1177.6873107111778	0.
1191.324287058021	0.
1205.1191721487155	0.
1219.0737944803384	0.
1233.1900037229643	0.
1247.4696709648385	0.
1261.9146889603867	0.
1276.5269723810975	0.
1291.3084580693112	0.
1306.261105294945	0.
1321.3868960151922	0.
1336.6878351372295	0.
1352.1659507839638	0.
1367.8232945628586	0.
1383.6619418378727	0.
1399.6839920045468	0.
1415.8915687682756	0.
1432.2868204258039	0.
1448.87192014998	0.
1465.649066277808	0.
1482.620482601835	0.
1499.7884186649117	0.
1517.1551500583676	0.
1534.7229787236379	0.
1552.4942332573835	0.
1570.4712692201435	0.
1588.6564694485633	0.
1607.0522443712346	0.
1625.6610323281986	0.
1644.4852998941424	0.
1663.5275422053421	0.
1682.79028329039	0.
1702.2760764047532	0.
1721.9875043692014	0.
1741.9271799121614	0.
1762.0977460160284	0.
1782.501876267491	0.
1803.1422752119142	0.
1824.0216787118193	0.
1845.1428543095262	0.
1866.5086015939821	0.
1888.1217525718466	0.
1909.9851720428717	0.
1932.1017579796267	0.
1954.4744419116214	0.
1977.1061893138774	0.
2000.	0.
2023.1589085197975	0.
2046.5859845615082	0.
2070.2843333586884	0.
2094.257096101799	0.
2118.5074503545775	0.
2143.0386104752133	0.
2167.853828042407	0.
2192.9563922863704	0.
2218.349630524802	0.
2244.0369086039273	0.
2270.02163134463	0.
2296.3072429937656	0.
2322.8972276806853	0.
2349.7951098790595	0.
2377.0044548740366	0.
2404.5288692348263	0.
2432.3720012927356	0.
2460.5375416247634	0.
2489.02922354277	0.
2517.850823588335	0.
2547.006162033323	0.
2576.4991033862684	0.
2606.3335569045985	0.
2636.5134771128146	0.
2667.0428643266478	0.
2697.925765183308	0.
2729.1662731778492	0.
2760.7685292057704	0.
2792.736722111875	0.
2825.0750892455094	0.
2857.787917022206	0.
2890.8795414918545	0.
2924.3543489134368	0.
2958.2167763364146	0.
2992.471312188867	0.
3027.122496872416	0.
3062.1749233640608	0.
3097.633237824962	0.
3133.502140216299	0.
3169.7863849222267	0.
3206.4907813800837	0.
3243.6201947178597	0.
3281.1795463990793	0.
3319.1738148751215	0.
3357.6080362451216	0.
3396.487304923489	0.
3435.8167743151766	0.
3475.6016574987507	0.
3515.8472279173866	0.
3556.5588200778457	0.
3597.7418302575766	0.
3639.401717219967	0.
3681.5440029379124	0.
3724.174273325735	0.
3767.2981789796017	0.
3810.9214359264947	0.
3855.049826381871	0.
3899.689199516091	0.
3944.8454722297074	0.
3990.5246299377595	0.
4036.7327273631213	0.
4083.4758893390594	0.
4130.760311621058	0.
4178.59226170808	0.
4226.978079673293	0.
4275.924179004464	0.
4325.43704745404	0.
4375.5232478991065	0.
4426.189419211275	0.
4477.44227713668	0.
4529.288615186119	0.
4581.735305535547	0.
4634.789299936957	0.
4688.457630639845	0.
4742.74741132331	0.
4797.665838038982	0.
4853.220190164831	0.
4909.417831370062	0.
4966.26621059114	0.
5023.772863019162	0.
5081.94541109861	0.
5140.7915655377265	0.
5200.319126330544	0.
5260.535983790763	0.
5321.45011959762	0.
5383.069607853831	0.
5445.402616155825	0.
5508.4574066763325	0.
5572.242337259541	0.
5636.765862528907	0.
5702.036535007819	0.
5768.063006253212	0.
5834.854028002335	0.
5902.418453332772	0.
5970.765237835921	0.
6039.9034408040325	0.
6109.842226431028	0.
6180.590865027181	0.
6252.1587342479115	0.
6324.555320336758	0.
6397.790219382798	0.
6471.873138592565	0.
6546.813897576766	0.
6622.622429651822	0.
6699.3087831565545	0.
6776.883122784051	0.
6855.35573092901	0.
6934.737009050633	0.
7015.03747905136	0.
7096.26778467151	0.
7178.438692900103	0.
7261.5610954020285	0.
7345.646009961692	0.
7430.7045819434525	0.
7516.748085768883	0.
7603.787926411225	0.
7691.835640907071	0.
7780.902899885614	0.
7871.001509115548	0.
7962.1434110699465	0.
8054.340686509181	0.
8147.605556082256	0.
8241.950381946604	0.
8337.387669406711	0.
8433.930068571644	0.
8531.590376031854	0.
8630.381536555306	0.
8730.316644803323	0.
8831.408947066251	0.
8933.671843019265	0.
9037.11888749845	0.
9141.763792297503	0.
9247.620427985206	0.
9354.702825743962	0.
9463.025179229611	0.
9572.601846452766	0.
9683.447351681989	0.
9795.576387368923	0.
9909.003816095807	0.
10023.744672545445	0.
10139.814165494088	0.
10257.227679827296	0.
10376.000778579224	0.
10496.149204995452	0.
10617.688884619769	0.
10740.635927405054	0.
10865.006629848667	0.
10990.817477152492	0.
11118.085145408073	0.
11246.826503806982	0.
11377.058616876831	0.
11508.79874674314	0.
11642.064355417431	0.
11776.87310711178	0.
11913.242870580212	0.
12051.191721487156	0.
12190.737944803388	0.
12331.900037229645	0.
12474.696709648382	0.
12619.146889603866	0.
12765.269723810972	0.
12913.084580693112	0.
13062.611052949447	0.
13213.868960151922	0.
13366.87835137229	0.
13521.659507839639	0.
13678.232945628584	0.
13836.619418378732	0.
13996.839920045468	0.
14158.915687682762	0.
14322.86820425804	0.
14488.719201499805	0.
14656.49066277808	0.
14826.204826018355	0.
14997.884186649117	0.
15171.55150058368	0.
15347.229787236378	0.
15524.94233257384	0.
15704.712692201438	0.
15886.564694485634	0.
16070.522443712347	0.
16256.61032328199	0.
16444.852998941424	0.
16635.275422053415	0.
16827.902832903903	0.
17022.760764047525	0.
17219.875043692016	0.
17419.271799121612	0.
17620.977460160284	0.
17825.01876267491	0.
18031.422752119142	0.
18240.216787118195	0.
18451.428543095266	0.
18665.08601593982	0.
18881.21752571847	0.
19099.851720428716	0.
19321.01757979627	0.
19544.744419116214	0.
19771.06189313878	0.
20000.	0.