0	389.89389196220446
1	152.4834955160168
2	177.3716517417098
3	192.3449874073253
4	206.14424918581557
5	212.19448841843
6	220.94452104884147
7	224.1988401759981
8	224.07988046859035
9	230.63675150075278
10	232.1091207827438
11	232.05390820768537
12	232.55788945200314
13	237.43960249382502
14	231.24489108921426
15	229.4633715394662
16	221.98210639525678
17	221.11838330975684
18	223.04532763176368
19	219.1307152247756
20	211.66090489081873
21	208.20880417240534
22	209.98168184034174
23	205.7404161300931
24	202.59512546852002
25	203.4324702034143
26	205.50989037327975
27	206.43467403603904
28	206.5472316636979
29	211.53723760700908
30	208.663665195
31	205.66075511535584
32	201.54727827445134
33	197.64853830554452
34	194.5593108103181
35	188.68314681808056
36	184.16216009473598
37	179.78017047309072
38	174.7747882764296
39	165.838832069922
40	162.8243066237864
41	156.76793873494702
42	155.0436500297336
43	151.63008781140414
44	147.5804041327888
45	143.19016171748504
46	140.77624808299817
47	140.111817537569
48	133.2680651242587
49	132.3946698066263
50	129.13220528947073
51	127.0816575289703
52	125.9299647266023
53	122.46859206243947
54	119.61490590128756
55	115.77001429340712
56	112.66514920583384
57	111.37482348937868
58	108.3755433065275
59	109.03755388750778
60	103.60040072370978
61	103.0482937694268
62	101.44080401158743
63	101.96474268366305
64	100.83261727727005
65	97.91307306928451
66	95.35662465506536
67	92.7061724051228
68	91.92868722452155
69	89.37376279886695
70	89.90364995329341
71	86.25656297709273
72	84.38611585430127
73	84.14662747593557
74	84.12960467449238
75	79.47767282231236
76	79.62494564858832
77	77.85815683053545
78	76.62078351406808
79	76.99879727647762
80	74.69564757477262
81	71.25254945203167
82	70.55947220779024
83	70.5851238102871
84	70.01669596106615
85	69.4043987176643
86	65.52141867079183
87	64.41586157612527
88	64.61083619428793
89	64.82119211118119
90	63.48068551347833
91	63.295467025027435
92	62.32134854051349
93	60.27407187868313
94	58.44051007796938
95	58.663422093624234
96	59.02696207177192
97	56.909868946095116
98	55.842009660742406
99	54.572922702952276
100	52.70654595752819
101	53.224629606790174
102	52.14307436874991
103	51.236932474601545
104	49.67354865871445
105	48.89475768246981
106	47.54419218727973
107	45.76058421424494
108	46.21519385993833
109	45.06082190018835
110	44.27121203697931
111	44.19702475344546
112	43.03555696055747
113	42.81119026035266
114	41.5334224568359
115	41.56081880252357
116	40.586971683335484
117	41.37929059555988
118	39.145218354933284
119	37.88311198359458
120	39.04439558629332
121	37.87527844141338
122	37.29468699072786
123	36.481651594251886
124	36.01709738080329
125	35.24440540976649
126	33.3684969682972
127	33.82995037916098
128	33.32060741511215
129	32.07642365946745
130	31.31027530227256
131	31.148306503208044
132	31.024800788015554
133	29.490138321093234
134	29.464598940772234
135	29.468439532500334
136	28.71334156056985
137	28.33654269363275
138	27.18364008020132
139	27.00515560919019
140	26.42352736977826
141	25.752329306222133
142	25.609066881705523
143	24.942124882765615
144	25.176912604989752
145	24.66123909352853
146	24.93000889906879
147	23.43400167693757
148	24.015829415256135
149	23.88639816158378
150	22.886696156996265
151	23.01839544280305
152	21.711181040106005
153	21.386116989656315
154	21.592857284311407
155	20.4102683006805
156	20.24730583253286
157	20.126637106721482
158	19.864708076272326
159	19.550073165177572
160	19.202062219043942
161	19.090795749756722
162	18.66833680214427
163	18.427598654417125
164	18.815390745806877
165	18.130935221137538
166	18.362936530279626
167	18.16491328699036
168	17.49645652094264
169	16.93683128685649
170	16.722371754305467
171	16.749240055021083
172	15.760989046075654
173	16.04213438715916
174	16.312043214648952
175	15.523732094744503
176	15.036817849604802
177	14.526642262600635
178	14.590812745027126
179	14.631308150341248
180	14.192610018510733
181	14.52674965057383
182	13.784286068715009
183	13.979835240832488
184	13.524368645565918
185	13.640699898096143
186	13.465186215556448
187	13.006935176964255
188	12.526562590287766
189	12.998365739621711
190	12.365876510668336
191	12.302158488635696
192	12.083451466613042
193	11.275872455810187
194	11.649255650838
195	11.576227638281143
196	11.365359188510002
197	11.253390861365062
198	10.712921485984417
199	10.852819352184865
200	10.337912815696232
202.31589085197973	10.01765268849976
204.65859845615083	9.56340088441978
207.02843333586878	9.40386030206255
209.42570961017992	9.064524426956545
211.85074503545778	8.718618645010581
214.30386104752128	8.216458705241525
216.78538280424073	7.955672630885866
219.29563922863701	7.5421196510273525
221.8349630524802	7.179078076909033
224.40369086039266	7.200543874873549
227.00216313446302	6.921807098728662
229.63072429937657	6.37461270773476
232.28972276806857	6.141836606812548
234.9795109879059	6.0206585278663365
237.7004454874037	5.617944739695124
240.4528869234826	5.405467407301225
243.23720012927362	5.371562048359305
246.0537541624763	5.0263783262938855
248.902922354277	4.737460672270408
251.78508235883345	4.6372688971814195
254.70061620333234	4.335169509537177
257.6499103386268	4.210206424027204
260.6333556904599	4.089914905012826
263.6513477112814	3.7576080167238874
266.7042864326648	3.7019325548328834
269.7925765183307	3.525804973546407
272.9166273177849	3.382749962633513
276.0768529205769	3.162883482551446
279.27367221118755	3.0612585958138903
282.50750892455085	2.946979367484038
285.7787917022206	2.731806432900823
289.08795414918546	2.671259963325205
292.4354348913437	2.5276592294059745
295.8216776336415	2.389545148350752
299.2471312188867	2.3322764838267243
302.71224968724164	2.2242988075483208
306.217492336406	2.0796077294823636
309.7633237824963	1.9894590432868817
313.3502140216298	1.8863130751845185
316.97863849222273	1.8264654058890772
320.6490781380083	1.7141007577272747
324.362019471786	1.6867338366387912
328.11795463990785	1.5574446935213617
331.9173814875121	1.517416522144787
335.76080362451205	1.4325990568704243
339.6487304923489	1.3385939505147362
343.5816774315176	1.270535217238002
347.56016574987507	1.228346110604471
351.58472279173856	1.1827902236378551
355.65588200778456	1.11290418561707
359.77418302575757	1.0641320978481728
363.9401717219967	1.017514382786136
368.1544002937912	0.9536195839440972
372.4174273325735	0.9275741540418683
376.7298178979601	0.8701567718325649
381.09214359264945	0.8249143307149028
385.50498263818724	0.793694577112087
389.96891995160905	0.7538622518232517
394.4845472229707	0.7270936394835732
399.0524629937759	0.6818706073094275
403.67327273631213	0.6652874169875601
408.34758893390585	0.620403105174291
413.0760311621059	0.6078325157865302
417.8592261708079	0.5811572687231192
422.69780796732937	0.5282265370002928
427.59241790044643	0.522498772450171
432.54370474540406	0.4836838334232491
437.55232478991053	0.47012721617363273
442.61894192112754	0.4464013897164626
447.74422771366795	0.4269642686451495
452.92886151861194	0.4014034901792106
458.17353055355466	0.3711297227138394
463.47892999369566	0.35474693062835033
468.8457630639844	0.3427291045548573
474.27474113233103	0.31649628797205676
479.7665838038981	0.3139794043008957
485.32201901648307	0.28392358841045584
490.9417831370061	0.26734409595292974
496.6266210591141	0.25555160074473
502.377286301916	0.23583059204978735
508.19454110986106	0.22492226807684454
514.0791565537728	0.20823468566158215
520.0319126330545	0.1977740673595688
526.0535983790763	0.18638549489200648
532.145011959762	0.177001679937379
538.3069607853831	0.16159421267666008
544.5402616155825	0.15259959423437836
550.8457406676332	0.13869041794772835
557.224233725954	0.1316005263759293
563.6765862528907	0.12222377297520731
570.2036535007819	0.11270176766437448
576.8063006253212	0.10510796304427864
583.4854028002334	0.09702566323866099
590.2418453332772	0.0877721443605813
597.0765237835919	0.0837048253024552
603.9903440804032	0.07473830133357949
610.9842226431026	0.07009624379235208
618.0590865027181	0.06342382719736109
625.215873424791	0.06056872988398287
632.4555320336759	0.0519275457627711
639.7790219382796	0.04841869063742484
647.1873138592565	0.04503630731728557
654.6813897576765	0.038735319591107785
662.2622429651823	0.036770642947541954
669.9308783156553	0.032162815924362605
677.6883122784051	0.02917680501498038
685.5355730929008	0.02606760661834498
693.4737009050633	0.02259862791412534
701.503747905136	0.020573141938408066
709.626778467151	0.018413068774121962
717.8438692900105	0.015891743887404525
726.1561095402028	0.013733834569780078
734.5646009961694	0.01223779128174477
743.0704581943452	0.01066480285156447
751.6748085768884	0.008863821777374808
760.3787926411223	0.007839881558378345
769.183564090707	0.006110516706867182
778.0902899885612	0.005498218327083956
787.1001509115548	0.004431638249702085
796.2143411069944	0.0037027543253117363
805.4340686509182	0.0029279593922796098
814.7605556082254	0.0022589289419580015
824.1950381946604	0.0018408197048401856
833.7387669406708	0.0014240200745561891
843.3930068571644	0.0010830304102494388
853.1590376031854	0.0007560463270397044
863.0381536555306	0.0005541649403455023
873.031664480332	0.0004038510471877133
883.1408947066251	0.00023411602554161638
893.3671843019264	0.00019105351700991134
903.7118887498448	0.00010569632936665771
914.1763792297502	0.00007372803150879813
924.7620427985206	0.00004979684920104047
935.4702825743965	0.00001709164866689899
946.3025179229611	7.686834308753723e-6
957.2601846452768	5.066307770921305e-6
968.3447351681988	1.3239363792153936e-6
979.5576387368925	0.
990.9003816095807	0.
1002.3744672545447	0.
1013.9814165494086	0.
1025.7227679827297	0.
1037.600077857922	0.
1049.6149204995452	0.
1061.7688884619768	0.
1074.0635927405053	0.
1086.5006629848663	0.
1099.081747715249	0.
1111.8085145408072	0.
1124.6826503806983	0.
1137.705861687683	0.
1150.879874674314	0.
1164.2064355417428	0.
1177.6873107111778	0.
1191.324287058021	0.
1205.1191721487155	0.
1219.0737944803384	0.
1233.1900037229643	0.
1247.4696709648385	0.
1261.9146889603867	0.
1276.5269723810975	0.
1291.3084580693112	0.
1306.261105294945	0.
1321.3868960151922	0.
1336.6878351372295	0.
1352.1659507839638	0.
1367.8232945628586	0.
1383.6619418378727	0.
1399.6839920045468	0.
1415.8915687682756	0.
1432.2868204258039	0.
1448.87192014998	0.
1465.649066277808	0.
1482.620482601835	0.
1499.7884186649117	0.
1517.1551500583676	0.
1534.7229787236379	0.
1552.4942332573835	0.
1570.4712692201435	0.
1588.6564694485633	0.
1607.0522443712346	0.
1625.6610323281986	0.
1644.4852998941424	0.
1663.5275422053421	0.
1682.79028329039	0.
1702.2760764047532	0.
1721.9875043692014	0.
1741.9271799121614	0.
1762.0977460160284	0.
1782.501876267491	0.
1803.1422752119142	0.
1824.0216787118193	0.
1845.1428543095262	0.
1866.5086015939821	0.
1888.1217525718466	0.
1909.9851720428717	0.
1932.1017579796267	0.
1954.4744419116214	0.
1977.1061893138774	0.
2000.	0.
2023.1589085197975	0.
2046.5859845615082	0.
2070.2843333586884	0.
2094.257096101799	0.
2118.5074503545775	0.
2143.0386104752133	0.
2167.853828042407	0.
2192.9563922863704	0.
2218.349630524802	0.
2244.0369086039273	0.
2270.02163134463	0.
2296.3072429937656	0.
2322.8972276806853	0.
2349.7951098790595	0.
2377.0044548740366	0.
2404.5288692348263	0.
2432.3720012927356	0.
2460.5375416247634	0.
2489.02922354277	0.
2517.850823588335	0.
2547.006162033323	0.
2576.4991033862684	0.
2606.3335569045985	0.
2636.5134771128146	0.
2667.0428643266478	0.
2697.925765183308	0.
2729.1662731778492	0.
2760.7685292057704	0.
2792.736722111875	0.
2825.0750892455094	0.
2857.787917022206	0.
2890.8795414918545	0.
2924.3543489134368	0.
2958.2167763364146	0.
2992.471312188867	0.
3027.122496872416	0.
3062.1749233640608	0.
3097.633237824962	0.
3133.502140216299	0.
3169.7863849222267	0.
3206.4907813800837	0.
3243.6201947178597	0.
3281.1795463990793	0.
3319.1738148751215	0.
3357.6080362451216	0.
3396.487304923489	0.
3435.8167743151766	0.
3475.6016574987507	0.
3515.8472279173866	0.
3556.5588200778457	0.
3597.7418302575766	0.
3639.401717219967	0.
3681.5440029379124	0.
3724.174273325735	0.
3767.2981789796017	0.
3810.9214359264947	0.
3855.049826381871	0.
3899.689199516091	0.
3944.8454722297074	0.
3990.5246299377595	0.
4036.7327273631213	0.
4083.4758893390594	0.
4130.760311621058	0.
4178.59226170808	0.
4226.978079673293	0.
4275.924179004464	0.
4325.43704745404	0.
4375.5232478991065	0.
4426.189419211275	0.
4477.44227713668	0.
4529.288615186119	0.
4581.735305535547	0.
4634.789299936957	0.
4688.457630639845	0.
4742.74741132331	0.
4797.665838038982	0.
4853.220190164831	0.
4909.417831370062	0.
4966.26621059114	0.
5023.772863019162	0.
5081.94541109861	0.
5140.7915655377265	0.
5200.319126330544	0.
5260.535983790763	0.
5321.45011959762	0.
5383.069607853831	0.
5445.402616155825	0.
5508.4574066763325	0.
5572.242337259541	0.
5636.765862528907	0.
5702.036535007819	0.
5768.063006253212	0.
5834.854028002335	0.
5902.418453332772	0.
5970.765237835921	0.
6039.9034408040325	0.
6109.842226431028	0.
6180.590865027181	0.
6252.1587342479115	0.
6324.555320336758	0.
6397.790219382798	0.
6471.873138592565	0.
6546.813897576766	0.
6622.622429651822	0.
6699.3087831565545	0.
6776.883122784051	0.
6855.35573092901	0.
6934.737009050633	0.
7015.03747905136	0.
7096.26778467151	0.
7178.438692900103	0.
7261.5610954020285	0.
7345.646009961692	0.
7430.7045819434525	0.
7516.748085768883	0.
7603.787926411225	0.
7691.835640907071	0.
7780.902899885614	0.
7871.001509115548	0.
7962.1434110699465	0.
8054.340686509181	0.
8147.605556082256	0.
8241.950381946604	0.
8337.387669406711	0.
8433.930068571644	0.
8531.590376031854	0.
8630.381536555306	0.
8730.316644803323	0.
8831.408947066251	0.
8933.671843019265	0.
9037.11888749845	0.
9141.763792297503	0.
9247.620427985206	0.
9354.702825743962	0.
9463.025179229611	0.
9572.601846452766	0.
9683.447351681989	0.
9795.576387368923	0.
9909.003816095807	0.
10023.744672545445	0.
10139.814165494088	0.
10257.227679827296	0.
10376.000778579224	0.
10496.149204995452	0.
10617.688884619769	0.
10740.635927405054	0.
10865.006629848667	0.
10990.817477152492	0.
11118.085145408073	0.
11246.826503806982	0.
11377.058616876831	0.
11508.79874674314	0.
11642.064355417431	0.
11776.87310711178	0.
11913.242870580212	0.
12051.191721487156	0.
12190.737944803388	0.
12331.900037229645	0.
12474.696709648382	0.
12619.146889603866	0.
12765.269723810972	0.
12913.084580693112	0.
13062.611052949447	0.
13213.868960151922	0.
13366.87835137229	0.
13521.659507839639	0.
13678.232945628584	0.
13836.619418378732	0.
13996.839920045468	0.
14158.915687682762	0.
14322.86820425804	0.
14488.719201499805	0.
14656.49066277808	0.
14826.204826018355	0.
14997.884186649117	0.
15171.55150058368	0.
15347.229787236378	0.
15524.94233257384	0.
15704.712692201438	0.
15886.564694485634	0.
16070.522443712347	0.
16256.61032328199	0.
16444.852998941424	0.
16635.275422053415	0.
16827.902832903903	0.
17022.760764047525	0.
17219.875043692016	0.
17419.271799121612	0.
17620.977460160284	0.
17825.01876267491	0.
18031.422752119142	0.
18240.216787118195	0.
18451.428543095266	0.
18665.08601593982	0.
18881.21752571847	0.
19099.851720428716	0.
19321.01757979627	0.
19544.744419116214	0.
19771.06189313878	0.
20000.	0.