0	99.18765875442601
1	38.82392073944624
2	44.75514106539855
3	48.79115275809838
4	52.1309605517155
5	52.91152455703343
6	53.2293896823255
7	53.9448001579334
8	53.502125094504144
9	53.67931048505039
10	53.48900018363777
11	52.855855019651536
12	52.7580213882861
13	53.38990111567394
14	53.633826787041876
15	54.654989487218444
16	55.58733755684271
17	57.4476732552133
18	58.0998181993797
19	61.066918468601386
20	62.73725829675456
21	64.03854573652863
22	65.4594748475343
23	67.26589483695928
24	68.01891106324463
25	68.23306164339436
26	69.46217230587332
27	69.45086110919347
28	70.5631140023887
29	70.02902993639697
30	70.7336052743631
31	70.26827341148831
32	69.74415739925442
33	69.18946969696938
34	68.63464485798563
35	68.05068985330948
36	66.38980681165692
37	65.89213044157667
38	64.70059233495432
39	63.58159280345011
40	61.9111505131153
41	61.248264163005906
42	59.841929680397946
43	58.5213083535618
44	56.89925889856172
45	54.665732952223664
46	53.714240989311506
47	52.429406523283
48	49.98809959120039
49	48.02009090335537
50	46.338986925837666
51	44.69919249769336
52	43.18138566165287
53	41.49898943450075
54	40.67142962330587
55	39.74086532495563
56	38.635221460669065
57	37.66442096039677
58	37.23335374959713
59	36.418446922708284
60	35.78713277481645
61	35.3523892509432
62	34.99694862812989
63	34.48278751867323
64	33.98889724986222
65	33.725890881980696
66	33.557055988387745
67	33.128481232017776
68	32.85412974853363
69	32.667982651729055
70	32.80342678770818
71	32.25342208724848
72	31.939391628450725
73	31.656589636991196
74	31.678434698585026
75	31.21404928210313
76	31.09083393537251
77	31.179796370684436
78	30.89832864833362
79	30.979901245030856
80	29.989772694264044
81	30.183230651393263
82	29.9394235186885
83	29.822108142929316
84	30.017534205914775
85	29.44092327172676
86	29.962454887832102
87	29.409093025308206
88	29.660661941186042
89	29.742973500528322
90	29.985855002289142
91	29.564775554353773
92	29.375613084259342
93	29.2806633497279
94	28.7519942212767
95	29.34452462019902
96	29.10445340982393
97	28.71268698279024
98	28.813538038506202
99	28.370778816597685
100	28.777856038668332
101	28.41613199858294
102	27.336891211566865
103	27.266053023404616
104	26.7807232607955
105	26.974699659888692
106	26.486142705834375
107	26.290394165718862
108	25.84242438013839
109	25.81495404731919
110	25.53276052368177
111	25.77603429361572
112	25.16768433193304
113	25.21642170354227
114	24.86935664408246
115	25.031403432868107
116	25.24023276461891
117	25.01463914188463
118	24.575734833864736
119	24.149159456435516
120	24.12165577098185
121	24.139573577830465
122	24.070208117797
123	23.29640662226303
124	23.431601298163443
125	23.375314387715022
126	23.288793338073596
127	22.613011591021912
128	23.08335216153491
129	22.971513262749358
130	23.184973624537605
131	22.82820751462962
132	22.88652888907695
133	22.720247886549362
134	22.569939330351303
135	22.64401143699335
136	22.234831591345905
137	21.996558291716124
138	21.72287472643256
139	21.69235233238985
140	21.368718499696406
141	21.525437803963342
142	21.061187954452066
143	20.6761154364039
144	20.625047576188237
145	20.448996356442237
146	20.153785600716486
147	19.685559270275405
148	19.841614395330588
149	19.549724015582544
150	19.154977960781796
151	19.16545551288047
152	18.719133922774986
153	18.742508057768728
154	18.309547164481113
155	18.327557404577373
156	17.80792967250706
157	18.012541159594267
158	17.509102218388964
159	17.424871006419487
160	17.030979541870252
161	16.910253750845104
162	16.92741460349057
163	16.759040654645315
164	16.518590168418314
165	16.273643177092126
166	15.783978314129797
167	15.444682826310789
168	15.8059850114635
169	15.356814845346763
170	15.692225594620899
171	15.500034991179962
172	14.855562140998526
173	15.057957977665563
174	15.215943768711703
175	15.366999823100782
176	14.946353770773776
177	14.579964308792107
178	14.918011509744534
179	15.05355844746863
180	14.342622447673246
181	14.47660139344482
182	15.090862414020378
183	14.53581940948274
184	14.406063808999079
185	14.291691483235478
186	14.654456324057524
187	14.465193930718128
188	14.19750702352484
189	14.066850470973378
190	13.977840513592769
191	14.418784115698319
192	13.885285034391098
193	13.948616247566173
194	14.217705835882905
195	13.517838308511452
196	13.224563922900776
197	13.11877568754912
198	13.135906149631616
199	13.457394793827632
200	13.053112515646331
202.31589085197973	12.652760836421574
204.65859845615083	12.297721386624318
207.02843333586878	12.12510785956823
209.42570961017992	11.768537944312781
211.85074503545778	11.748321688101479
214.30386104752128	11.403830818984757
216.78538280424073	11.252336193955852
219.29563922863701	10.734226909204525
221.8349630524802	10.518817717228734
224.40369086039266	10.56210055382374
227.00216313446302	10.028704393750132
229.63072429937657	9.97074097269723
232.28972276806857	9.608162951518764
234.9795109879059	9.74076213560159
237.7004454874037	9.12961336293569
240.4528869234826	8.915592432662043
243.23720012927362	8.909041137026044
246.0537541624763	8.410922498822806
248.902922354277	8.284204512060116
251.78508235883345	8.122137946007015
254.70061620333234	7.827191525375316
257.6499103386268	7.6595777741090645
260.6333556904599	7.470410438630191
263.6513477112814	7.401489303971232
266.7042864326648	7.019972364144959
269.7925765183307	6.792689633969366
272.9166273177849	6.7118115506724285
276.0768529205769	6.48603085725957
279.27367221118755	6.303627824863335
282.50750892455085	6.0897428314581195
285.7787917022206	5.951069464129612
289.08795414918546	5.642888324251813
292.4354348913437	5.539262390286604
295.8216776336415	5.39672181799561
299.2471312188867	5.231690131593084
302.71224968724164	4.997049046125696
306.217492336406	4.838039722665422
309.7633237824963	4.744539096555636
313.3502140216298	4.530520309029758
316.97863849222273	4.3985567573795255
320.6490781380083	4.254520361943147
324.362019471786	4.031946859054959
328.11795463990785	3.9606125415977522
331.9173814875121	3.769614320511479
335.76080362451205	3.6986339446222853
339.6487304923489	3.4991464221690793
343.5816774315176	3.448664917233407
347.56016574987507	3.231694984138963
351.58472279173856	3.1912129179458004
355.65588200778456	2.9897872604425064
359.77418302575757	2.9202590714272025
363.9401717219967	2.806190699224669
368.1544002937912	2.6446765032225867
372.4174273325735	2.5245236276070626
376.7298178979601	2.4540759962502605
381.09214359264945	2.3449721731901296
385.50498263818724	2.2978314524087673
389.96891995160905	2.1155064812263085
394.4845472229707	2.048343942274022
399.0524629937759	1.957056902554625
403.67327273631213	1.8971872410556878
408.34758893390585	1.7585743336702424
413.0760311621059	1.721709261024212
417.8592261708079	1.602576560579029
422.69780796732937	1.5577228476292282
427.59241790044643	1.485898121064882
432.54370474540406	1.4022841676329338
437.55232478991053	1.3089501499158875
442.61894192112754	1.24629076181624
447.74422771366795	1.1880753510691184
452.92886151861194	1.139826193700733
458.17353055355466	1.0700399129261113
463.47892999369566	1.0074932070827538
468.8457630639844	0.9495849973368236
474.27474113233103	0.9176164527554007
479.7665838038981	0.8411346062543227
485.32201901648307	0.7978969428016172
490.9417831370061	0.7564482320295299
496.6266210591141	0.7107600866878535
502.377286301916	0.6631708897153373
508.19454110986106	0.6224577323239542
514.0791565537728	0.5958788807214359
520.0319126330545	0.5396088299590468
526.0535983790763	0.5199919480194044
532.145011959762	0.48088799780259045
538.3069607853831	0.4281783901687271
544.5402616155825	0.4310787999640571
550.8457406676332	0.38403666864767444
557.224233725954	0.35603747436017763
563.6765862528907	0.33609507217985063
570.2036535007819	0.30712620145688807
576.8063006253212	0.28202734838474164
583.4854028002334	0.263426452772148
590.2418453332772	0.2405389094769093
597.0765237835919	0.22514505256814762
603.9903440804032	0.20587760236755057
610.9842226431026	0.18631359101078357
618.0590865027181	0.17413823369455553
625.215873424791	0.15348002774239974
632.4555320336759	0.139489443360547
639.7790219382796	0.13201216978263033
647.1873138592565	0.11324930834718842
654.6813897576765	0.10750595699926406
662.2622429651823	0.09568228529720904
669.9308783156553	0.08424252916994894
677.6883122784051	0.0757872315577798
685.5355730929008	0.06819181708078632
693.4737009050633	0.05959155683730081
701.503747905136	0.05300946463089838
709.626778467151	0.04668907452124251
717.8438692900105	0.04053458467224221
726.1561095402028	0.03644540202270156
734.5646009961694	0.029835796036132508
743.0704581943452	0.026547559042852945
751.6748085768884	0.022812414338338968
760.3787926411223	0.018800128419935388
769.183564090707	0.015459776671647548
778.0902899885612	0.012948341808886323
787.1001509115548	0.010518739196627451
796.2143411069944	0.00844386868155546
805.4340686509182	0.006971072965092179
814.7605556082254	0.005297585537920135
824.1950381946604	0.004541549511863446
833.7387669406708	0.003229188008046721
843.3930068571644	0.002811612950644839
853.1590376031854	0.001811193023733485
863.0381536555306	0.0016130295827677507
873.031664480332	0.001140873203723858
883.1408947066251	0.0007886531584090889
893.3671843019264	0.0005131035594588933
903.7118887498448	0.00028195084887685704
914.1763792297502	0.00010296315459557045
924.7620427985206	0.000012818038268346139
935.4702825743965	3.956993844686599e-7
946.3025179229611	0.
957.2601846452768	0.
968.3447351681988	0.
979.5576387368925	0.
990.9003816095807	0.
1002.3744672545447	0.
1013.9814165494086	0.
1025.7227679827297	0.
1037.600077857922	0.
1049.6149204995452	0.
1061.7688884619768	0.
1074.0635927405053	0.
1086.5006629848663	0.
1099.081747715249	0.
1111.8085145408072	0.
1124.6826503806983	0.
1137.705861687683	0.
1150.879874674314	0.
1164.2064355417428	0.
1177.6873107111778	0.
1191.324287058021	0.
1205.1191721487155	0.
1219.0737944803384	0.
1233.1900037229643	0.
1247.4696709648385	0.
1261.9146889603867	0.
1276.5269723810975	0.
1291.3084580693112	0.
1306.261105294945	0.
1321.3868960151922	0.
1336.6878351372295	0.
1352.1659507839638	0.
1367.8232945628586	0.
1383.6619418378727	0.
1399.6839920045468	0.
1415.8915687682756	0.
1432.2868204258039	0.
1448.87192014998	0.
1465.649066277808	0.
1482.620482601835	0.
1499.7884186649117	0.
1517.1551500583676	0.
1534.7229787236379	0.
1552.4942332573835	0.
1570.4712692201435	0.
1588.6564694485633	0.
1607.0522443712346	0.
1625.6610323281986	0.
1644.4852998941424	0.
1663.5275422053421	0.
1682.79028329039	0.
1702.2760764047532	0.
1721.9875043692014	0.
1741.9271799121614	0.
1762.0977460160284	0.
1782.501876267491	0.
1803.1422752119142	0.
1824.0216787118193	0.
1845.1428543095262	0.
1866.5086015939821	0.
1888.1217525718466	0.
1909.9851720428717	0.
1932.1017579796267	0.
1954.4744419116214	0.
1977.1061893138774	0.
2000.	0.
2023.1589085197975	0.
2046.5859845615082	0.
2070.2843333586884	0.
2094.257096101799	0.
2118.5074503545775	0.
2143.0386104752133	0.
2167.853828042407	0.
2192.9563922863704	0.
2218.349630524802	0.
2244.0369086039273	0.
2270.02163134463	0.
2296.3072429937656	0.
2322.8972276806853	0.
2349.7951098790595	0.
2377.0044548740366	0.
2404.5288692348263	0.
2432.3720012927356	0.
2460.5375416247634	0.
2489.02922354277	0.
2517.850823588335	0.
2547.006162033323	0.
2576.4991033862684	0.
2606.3335569045985	0.
2636.5134771128146	0.
2667.0428643266478	0.
2697.925765183308	0.
2729.1662731778492	0.
2760.7685292057704	0.
2792.736722111875	0.
2825.0750892455094	0.
2857.787917022206	0.
2890.8795414918545	0.
2924.3543489134368	0.
2958.2167763364146	0.
2992.471312188867	0.
3027.122496872416	0.
3062.1749233640608	0.
3097.633237824962	0.
3133.502140216299	0.
3169.7863849222267	0.
3206.4907813800837	0.
3243.6201947178597	0.
3281.1795463990793	0.
3319.1738148751215	0.
3357.6080362451216	0.
3396.487304923489	0.
3435.8167743151766	0.
3475.6016574987507	0.
3515.8472279173866	0.
3556.5588200778457	0.
3597.7418302575766	0.
3639.401717219967	0.
3681.5440029379124	0.
3724.174273325735	0.
3767.2981789796017	0.
3810.9214359264947	0.
3855.049826381871	0.
3899.689199516091	0.
3944.8454722297074	0.
3990.5246299377595	0.
4036.7327273631213	0.
4083.4758893390594	0.
4130.760311621058	0.
4178.59226170808	0.
4226.978079673293	0.
4275.924179004464	0.
4325.43704745404	0.
4375.5232478991065	0.
4426.189419211275	0.
4477.44227713668	0.
4529.288615186119	0.
4581.735305535547	0.
4634.789299936957	0.
4688.457630639845	0.
4742.74741132331	0.
4797.665838038982	0.
4853.220190164831	0.
4909.417831370062	0.
4966.26621059114	0.
5023.772863019162	0.
5081.94541109861	0.
5140.7915655377265	0.
5200.319126330544	0.
5260.535983790763	0.
5321.45011959762	0.
5383.069607853831	0.
5445.402616155825	0.
5508.4574066763325	0.
5572.242337259541	0.
5636.765862528907	0.
5702.036535007819	0.
5768.063006253212	0.
5834.854028002335	0.
5902.418453332772	0.
5970.765237835921	0.
6039.9034408040325	0.
6109.842226431028	0.
6180.590865027181	0.
6252.1587342479115	0.
6324.555320336758	0.
6397.790219382798	0.
6471.873138592565	0.
6546.813897576766	0.
6622.622429651822	0.
6699.3087831565545	0.
6776.883122784051	0.
6855.35573092901	0.
6934.737009050633	0.
7015.03747905136	0.
7096.26778467151	0.
7178.438692900103	0.
7261.5610954020285	0.
7345.646009961692	0.
7430.7045819434525	0.
7516.748085768883	0.
7603.787926411225	0.
7691.835640907071	0.
7780.902899885614	0.
7871.001509115548	0.
7962.1434110699465	0.
8054.340686509181	0.
8147.605556082256	0.
8241.950381946604	0.
8337.387669406711	0.
8433.930068571644	0.
8531.590376031854	0.
8630.381536555306	0.
8730.316644803323	0.
8831.408947066251	0.
8933.671843019265	0.
9037.11888749845	0.
9141.763792297503	0.
9247.620427985206	0.
9354.702825743962	0.
9463.025179229611	0.
9572.601846452766	0.
9683.447351681989	0.
9795.576387368923	0.
9909.003816095807	0.
10023.744672545445	0.
10139.814165494088	0.
10257.227679827296	0.
10376.000778579224	0.
10496.149204995452	0.
10617.688884619769	0.
10740.635927405054	0.
10865.006629848667	0.
10990.817477152492	0.
11118.085145408073	0.
11246.826503806982	0.
11377.058616876831	0.
11508.79874674314	0.
11642.064355417431	0.
11776.87310711178	0.
11913.242870580212	0.
12051.191721487156	0.
12190.737944803388	0.
12331.900037229645	0.
12474.696709648382	0.
12619.146889603866	0.
12765.269723810972	0.
12913.084580693112	0.
13062.611052949447	0.
13213.868960151922	0.
13366.87835137229	0.
13521.659507839639	0.
13678.232945628584	0.
13836.619418378732	0.
13996.839920045468	0.
14158.915687682762	0.
14322.86820425804	0.
14488.719201499805	0.
14656.49066277808	0.
14826.204826018355	0.
14997.884186649117	0.
15171.55150058368	0.
15347.229787236378	0.
15524.94233257384	0.
15704.712692201438	0.
15886.564694485634	0.
16070.522443712347	0.
16256.61032328199	0.
16444.852998941424	0.
16635.275422053415	0.
16827.902832903903	0.
17022.760764047525	0.
17219.875043692016	0.
17419.271799121612	0.
17620.977460160284	0.
17825.01876267491	0.
18031.422752119142	0.
18240.216787118195	0.
18451.428543095266	0.
18665.08601593982	0
18881.21752571847	0
19099.851720428716	0
19321.01757979627	0
19544.744419116214	0
19771.06189313878	0
20000.	0