0	3479.372353932122
1	1327.6260878306728
2	1502.663713076307
3	1629.3628714918416
4	1686.4366055984408
5	1718.2584889778605
6	1684.6876996735157
7	1662.8804371857232
8	1629.2566231299788
9	1566.5504496025849
10	1524.9540245409162
11	1464.1753551051206
12	1430.5132841301192
13	1383.3500124320958
14	1328.0801662932827
15	1299.0073266701575
16	1249.3178788922062
17	1203.6058505791466
18	1162.7668798967186
19	1121.5921636843489
20	1078.871160014026
21	1050.562296634135
22	1009.9211049510056
23	975.3337340488412
24	945.3102200123709
25	902.9838838045674
26	871.1021209253447
27	845.195316548447
28	813.930578358243
29	783.566862656427
30	760.0128431529952
31	723.3773982509142
32	694.0288673192792
33	668.6990478952581
34	653.3135668061917
35	621.4535350777588
36	602.7677908538001
37	578.4747004106571
38	555.9992220581751
39	534.9082645112601
40	513.2125191753239
41	497.46148248775177
42	476.8373696377534
43	458.25687808193214
44	437.702111480804
45	418.1856715228707
46	406.89016984036203
47	394.2797520998571
48	375.41726365252805
49	362.41912468693596
50	345.5734984868405
51	333.9795130298894
52	318.01688935444776
53	302.8973468575742
54	294.0142441591986
55	280.8828451460881
56	269.79435436841976
57	261.0734048725354
58	249.55712725191955
59	238.43323814843836
60	225.754055831964
61	218.71308351543505
62	210.60808263438744
63	201.75039226575683
64	192.73871142872224
65	183.28225246811084
66	177.44088094996462
67	171.68049149883504
68	162.24844104533
69	155.90566661318624
70	150.01634165083686
71	142.3533844855806
72	137.82445713318438
73	131.71157409279596
74	126.22683680001727
75	117.69256161256789
76	115.77402663998393
77	110.572545755248
78	103.48859697379154
79	100.76649098360848
80	96.89053685932944
81	92.1411920460585
82	87.33941598214713
83	83.40148687190165
84	79.75834484912306
85	76.17934124626582
86	73.67132643343157
87	69.81418005350022
88	66.52025096207089
89	63.60887565422454
90	60.95797315610463
91	58.98836670802896
92	56.085913923103284
93	52.61199884029202
94	49.981093555948156
95	48.030120479576475
96	46.712839609046355
97	43.6984126572708
98	41.80718692729749
99	40.24044969712688
100	37.764317409925376
101	36.089025421710915
102	34.10412522369313
103	32.53244045444429
104	31.42786578392759
105	29.80332161930637
106	28.316036396614503
107	26.86049203053361
108	25.720502671967065
109	24.471709963607527
110	23.56295065473664
111	22.21744040013259
112	21.309210384127233
113	19.973719130279093
114	19.173061788805708
115	18.28357058971992
116	17.219864855613167
117	16.26314651986435
118	15.650901428342436
119	14.639334364304293
120	13.736466765184492
121	13.405895673262396
122	12.565332747606497
123	11.94852522444563
124	11.404342154900506
125	10.620153570839342
126	10.16118554320294
127	9.517292243165851
128	8.985044786892487
129	8.661472972173339
130	8.035624907983577
131	7.765638024438195
132	7.174855792451036
133	6.800816743744527
134	6.464699473797364
135	6.13960849678965
136	5.743897753790428
137	5.3713151633845735
138	5.0178337932658525
139	4.791993931064874
140	4.536642133688128
141	4.206157928291863
142	3.9685901181857735
143	3.7305994202897814
144	3.5227648689759583
145	3.3134314318705576
146	3.1012746901522106
147	2.921749217509072
148	2.6567607353417384
149	2.4774805756361906
150	2.302549755146614
151	2.151092947434926
152	1.9884323072638568
153	1.884163672780726
154	1.738634519522292
155	1.605950612831915
156	1.4978554029786306
157	1.3852316977597554
158	1.2722503830733753
159	1.1729405801377082
160	1.0692313783907126
161	0.9942368125448201
162	0.9029454262827686
163	0.8239338434888847
164	0.747749052874255
165	0.6829519186940477
166	0.6289481823945473
167	0.5506556574525407
168	0.5171667070231518
169	0.4377915400078597
170	0.39815924549336584
171	0.3677404328011647
172	0.318087322785267
173	0.27401870943124196
174	0.2365570615567694
175	0.21290181708995348
176	0.18468783791476595
177	0.16099372967772496
178	0.13038728861262697
179	0.10850294279759326
180	0.09054245320178747
181	0.07517845761330903
182	0.05710722796958466
183	0.0446212047685036
184	0.0336908975859634
185	0.025893592278552372
186	0.018644344201350607
187	0.012163224359688548
188	0.008552535663367552
189	0.00594794718552325
190	0.0026356455150340448
191	0.0012820369824608404
192	0.0009349091497102449
193	0.000513976126109904
194	0.00017553958155971158
195	0.00007018748351371997
196	4.774329697428807e-6
197	0.000014175829542186665
198	9.406789278119388e-6
199	0.
200	0.
202.31589085197973	0.
204.65859845615083	0.
207.02843333586878	0.
209.42570961017992	0.
211.85074503545778	0.
214.30386104752128	0.
216.78538280424073	0.
219.29563922863701	0.
221.8349630524802	0.
224.40369086039266	0.
227.00216313446302	0.
229.63072429937657	0.
232.28972276806857	0.
234.9795109879059	0.
237.7004454874037	0.
240.4528869234826	0.
243.23720012927362	0.
246.0537541624763	0.
248.902922354277	0.
251.78508235883345	0.
254.70061620333234	0.
257.6499103386268	0.
260.6333556904599	0.
263.6513477112814	0.
266.7042864326648	0.
269.7925765183307	0.
272.9166273177849	0.
276.0768529205769	0.
279.27367221118755	0.
282.50750892455085	0.
285.7787917022206	0.
289.08795414918546	0.
292.4354348913437	0.
295.8216776336415	0.
299.2471312188867	0.
302.71224968724164	0.
306.217492336406	0.
309.7633237824963	0.
313.3502140216298	0.
316.97863849222273	0.
320.6490781380083	0.
324.362019471786	0.
328.11795463990785	0.
331.9173814875121	0.
335.76080362451205	0.
339.6487304923489	0.
343.5816774315176	0.
347.56016574987507	0.
351.58472279173856	0.
355.65588200778456	0.
359.77418302575757	0.
363.9401717219967	0.
368.1544002937912	0.
372.4174273325735	0.
376.7298178979601	0.
381.09214359264945	0.
385.50498263818724	0.
389.96891995160905	0.
394.4845472229707	0.
399.0524629937759	0.
403.67327273631213	0.
408.34758893390585	0.
413.0760311621059	0.
417.8592261708079	0.
422.69780796732937	0.
427.59241790044643	0.
432.54370474540406	0.
437.55232478991053	0.
442.61894192112754	0.
447.74422771366795	0.
452.92886151861194	0.
458.17353055355466	0.
463.47892999369566	0.
468.8457630639844	0.
474.27474113233103	0.
479.7665838038981	0.
485.32201901648307	0.
490.9417831370061	0.
496.6266210591141	0.
502.377286301916	0.
508.19454110986106	0.
514.0791565537728	0.
520.0319126330545	0.
526.0535983790763	0.
532.145011959762	0.
538.3069607853831	0.
544.5402616155825	0.
550.8457406676332	0.
557.224233725954	0.
563.6765862528907	0.
570.2036535007819	0.
576.8063006253212	0.
583.4854028002334	0.
590.2418453332772	0.
597.0765237835919	0.
603.9903440804032	0.
610.9842226431026	0.
618.0590865027181	0.
625.215873424791	0.
632.4555320336759	0.
639.7790219382796	0.
647.1873138592565	0.
654.6813897576765	0.
662.2622429651823	0.
669.9308783156553	0.
677.6883122784051	0.
685.5355730929008	0.
693.4737009050633	0.
701.503747905136	0.
709.626778467151	0.
717.8438692900105	0.
726.1561095402028	0.
734.5646009961694	0.
743.0704581943452	0.
751.6748085768884	0.
760.3787926411223	0.
769.183564090707	0.
778.0902899885612	0.
787.1001509115548	0.
796.2143411069944	0.
805.4340686509182	0.
814.7605556082254	0.
824.1950381946604	0.
833.7387669406708	0.
843.3930068571644	0.
853.1590376031854	0.
863.0381536555306	0.
873.031664480332	0.
883.1408947066251	0.
893.3671843019264	0.
903.7118887498448	0.
914.1763792297502	0.
924.7620427985206	0.
935.4702825743965	0.
946.3025179229611	0.
957.2601846452768	0.
968.3447351681988	0.
979.5576387368925	0.
990.9003816095807	0.
1002.3744672545447	0.
1013.9814165494086	0.
1025.7227679827297	0.
1037.600077857922	0.
1049.6149204995452	0.
1061.7688884619768	0.
1074.0635927405053	0.
1086.5006629848663	0.
1099.081747715249	0.
1111.8085145408072	0.
1124.6826503806983	0.
1137.705861687683	0.
1150.879874674314	0.
1164.2064355417428	0.
1177.6873107111778	0.
1191.324287058021	0.
1205.1191721487155	0.
1219.0737944803384	0.
1233.1900037229643	0.
1247.4696709648385	0.
1261.9146889603867	0.
1276.5269723810975	0.
1291.3084580693112	0.
1306.261105294945	0.
1321.3868960151922	0.
1336.6878351372295	0.
1352.1659507839638	0.
1367.8232945628586	0.
1383.6619418378727	0.
1399.6839920045468	0.
1415.8915687682756	0.
1432.2868204258039	0.
1448.87192014998	0.
1465.649066277808	0.
1482.620482601835	0.
1499.7884186649117	0.
1517.1551500583676	0.
1534.7229787236379	0.
1552.4942332573835	0.
1570.4712692201435	0.
1588.6564694485633	0.
1607.0522443712346	0.
1625.6610323281986	0.
1644.4852998941424	0.
1663.5275422053421	0.
1682.79028329039	0.
1702.2760764047532	0.
1721.9875043692014	0.
1741.9271799121614	0.
1762.0977460160284	0.
1782.501876267491	0.
1803.1422752119142	0.
1824.0216787118193	0.
1845.1428543095262	0.
1866.5086015939821	0.
1888.1217525718466	0.
1909.9851720428717	0.
1932.1017579796267	0.
1954.4744419116214	0.
1977.1061893138774	0.
2000.	0.
2023.1589085197975	0.
2046.5859845615082	0.
2070.2843333586884	0.
2094.257096101799	0.
2118.5074503545775	0.
2143.0386104752133	0.
2167.853828042407	0.
2192.9563922863704	0.
2218.349630524802	0.
2244.0369086039273	0.
2270.02163134463	0.
2296.3072429937656	0.
2322.8972276806853	0.
2349.7951098790595	0.
2377.0044548740366	0.
2404.5288692348263	0.
2432.3720012927356	0.
2460.5375416247634	0.
2489.02922354277	0.
2517.850823588335	0.
2547.006162033323	0.
2576.4991033862684	0.
2606.3335569045985	0.
2636.5134771128146	0.
2667.0428643266478	0.
2697.925765183308	0.
2729.1662731778492	0.
2760.7685292057704	0.
2792.736722111875	0.
2825.0750892455094	0.
2857.787917022206	0.
2890.8795414918545	0.
2924.3543489134368	0.
2958.2167763364146	0.
2992.471312188867	0.
3027.122496872416	0.
3062.1749233640608	0.
3097.633237824962	0.
3133.502140216299	0.
3169.7863849222267	0.
3206.4907813800837	0.
3243.6201947178597	0.
3281.1795463990793	0.
3319.1738148751215	0.
3357.6080362451216	0.
3396.487304923489	0.
3435.8167743151766	0.
3475.6016574987507	0.
3515.8472279173866	0.
3556.5588200778457	0.
3597.7418302575766	0.
3639.401717219967	0.
3681.5440029379124	0.
3724.174273325735	0.
3767.2981789796017	0.
3810.9214359264947	0.
3855.049826381871	0.
3899.689199516091	0.
3944.8454722297074	0.
3990.5246299377595	0.
4036.7327273631213	0.
4083.4758893390594	0.
4130.760311621058	0.
4178.59226170808	0.
4226.978079673293	0.
4275.924179004464	0.
4325.43704745404	0.
4375.5232478991065	0.
4426.189419211275	0.
4477.44227713668	0.
4529.288615186119	0.
4581.735305535547	0.
4634.789299936957	0.
4688.457630639845	0.
4742.74741132331	0.
4797.665838038982	0.
4853.220190164831	0.
4909.417831370062	0.
4966.26621059114	0.
5023.772863019162	0.
5081.94541109861	0.
5140.7915655377265	0.
5200.319126330544	0.
5260.535983790763	0.
5321.45011959762	0.
5383.069607853831	0.
5445.402616155825	0.
5508.4574066763325	0.
5572.242337259541	0.
5636.765862528907	0.
5702.036535007819	0.
5768.063006253212	0.
5834.854028002335	0.
5902.418453332772	0.
5970.765237835921	0.
6039.9034408040325	0.
6109.842226431028	0.
6180.590865027181	0.
6252.1587342479115	0.
6324.555320336758	0.
6397.790219382798	0.
6471.873138592565	0.
6546.813897576766	0.
6622.622429651822	0.
6699.3087831565545	0.
6776.883122784051	0.
6855.35573092901	0.
6934.737009050633	0.
7015.03747905136	0.
7096.26778467151	0.
7178.438692900103	0.
7261.5610954020285	0.
7345.646009961692	0.
7430.7045819434525	0.
7516.748085768883	0.
7603.787926411225	0.
7691.835640907071	0.
7780.902899885614	0.
7871.001509115548	0.
7962.1434110699465	0.
8054.340686509181	0.
8147.605556082256	0.
8241.950381946604	0.
8337.387669406711	0.
8433.930068571644	0.
8531.590376031854	0.
8630.381536555306	0.
8730.316644803323	0.
8831.408947066251	0.
8933.671843019265	0.
9037.11888749845	0.
9141.763792297503	0.
9247.620427985206	0.
9354.702825743962	0.
9463.025179229611	0.
9572.601846452766	0.
9683.447351681989	0.
9795.576387368923	0.
9909.003816095807	0.
10023.744672545445	0.
10139.814165494088	0.
10257.227679827296	0.
10376.000778579224	0.
10496.149204995452	0.
10617.688884619769	0.
10740.635927405054	0.
10865.006629848667	0.
10990.817477152492	0.
11118.085145408073	0.
11246.826503806982	0.
11377.058616876831	0.
11508.79874674314	0.
11642.064355417431	0.
11776.87310711178	0.
11913.242870580212	0.
12051.191721487156	0.
12190.737944803388	0.
12331.900037229645	0.
12474.696709648382	0.
12619.146889603866	0.
12765.269723810972	0.
12913.084580693112	0.
13062.611052949447	0.
13213.868960151922	0.
13366.87835137229	0.
13521.659507839639	0.
13678.232945628584	0.
13836.619418378732	0.
13996.839920045468	0.
14158.915687682762	0.
14322.86820425804	0.
14488.719201499805	0.
14656.49066277808	0.
14826.204826018355	0.
14997.884186649117	0.
15171.55150058368	0.
15347.229787236378	0.
15524.94233257384	0.
15704.712692201438	0.
15886.564694485634	0.
16070.522443712347	0.
16256.61032328199	0.
16444.852998941424	0.
16635.275422053415	0.
16827.902832903903	0.
17022.760764047525	0.
17219.875043692016	0.
17419.271799121612	0.
17620.977460160284	0.
17825.01876267491	0.
18031.422752119142	0.
18240.216787118195	0.
18451.428543095266	0.
18665.08601593982	0.
18881.21752571847	0.
19099.851720428716	0.
19321.01757979627	0.
19544.744419116214	0.
19771.06189313878	0.
20000.	0.