0	343.352083051559
1	129.8592311297615
2	147.98584947427335
3	164.4858715548724
4	173.83807596872765
5	181.39530826726434
6	184.4049618746352
7	185.88786592845062
8	184.57488064664005
9	184.05426914090825
10	181.44982454435421
11	177.88940699619067
12	180.0027799319218
13	179.32348826221371
14	176.91896904601947
15	177.65694194277455
16	170.9630437400795
17	169.70458174588828
18	166.22123118300757
19	169.13561068439765
20	164.82599041569821
21	164.19523770076879
22	162.6463651828788
23	158.61264581782746
24	155.11373614353099
25	154.8309801263128
26	151.84797605572066
27	154.39435757898704
28	151.47431396269636
29	148.28033689852901
30	147.5414597065762
31	146.5173501451955
32	142.64317063159976
33	140.61967778989305
34	142.94447785297874
35	138.50360980764484
36	138.74368874953825
37	133.49028599085005
38	135.90074151623864
39	132.78596703301326
40	131.91810996827775
41	128.6493718255083
42	125.42659245895007
43	129.42563778096485
44	123.83078328026593
45	122.1573453613727
46	123.819717686217
47	125.17783595004519
48	119.80193110287527
49	120.79249097895067
50	117.11830584273676
51	112.83407922997466
52	115.41006034789072
53	111.76944056485961
54	113.53122109723469
55	108.32066355527147
56	110.0281742335352
57	108.0450633792523
58	106.05158158623888
59	104.85725566936041
60	103.35903261412489
61	102.36128196308886
62	99.85492236780898
63	101.40173047774374
64	98.46775337422211
65	96.47260856550969
66	97.39404223025952
67	93.87865988088677
68	93.82843696140323
69	92.74491072171452
70	91.9222399213485
71	90.26611182731598
72	87.47366466931369
73	88.594041899869
74	88.33985775766385
75	85.87657823136617
76	85.6945088064094
77	84.20637517087066
78	81.90081367059568
79	82.1679025313409
80	79.27451786434139
81	80.24511610209663
82	77.71371826876475
83	76.84763300280318
84	78.29920915340882
85	77.25731908795947
86	73.89224396136972
87	73.34304545647718
88	73.90922019268524
89	70.52612641399722
90	71.22317213886913
91	69.42711123780435
92	68.68696384077342
93	68.50707840498544
94	66.2607396863882
95	65.27386004114238
96	66.43706970839314
97	63.4462391342728
98	63.91717554080982
99	63.22802187542534
100	60.86038465016834
101	60.70908633885139
102	60.62087170023702
103	58.96521327579451
104	59.094515204886314
105	58.207131932405034
106	57.729124514121025
107	56.88991383097965
108	56.41275204997683
109	55.79304166588693
110	54.12045127530233
111	53.816991216497925
112	52.96153141799516
113	52.10506214089166
114	49.89617973828192
115	50.42322976505308
116	49.13444220649505
117	49.20650896762088
118	46.74911752232223
119	47.24331931692184
120	46.88478688935839
121	45.42718140121039
122	46.66102392996639
123	44.862764017314625
124	45.3910375889609
125	43.91858215276788
126	43.47643166588554
127	44.193888991317806
128	42.2211765700897
129	42.18802310497375
130	41.410966798927475
131	40.87550012057442
132	40.75900274143699
133	39.94745164670726
134	37.93199116384928
135	38.398169495770965
136	37.8988173881062
137	36.883809504855094
138	36.66327857128592
139	35.423958075928056
140	35.71026278511572
141	34.65681210206963
142	34.003946698779295
143	34.588038067243296
144	33.54660619909883
145	31.962901876030713
146	33.36960216606262
147	31.309477081994956
148	32.093981481100236
149	31.97001232564608
150	31.533870063028353
151	31.089441345184596
152	29.7734124358048
153	29.818535775835738
154	29.314310702268834
155	29.53647508045239
156	28.86720229347032
157	28.030510546619787
158	28.04999328334113
159	27.669730803735533
160	27.404517066567387
161	27.31072847777184
162	26.620568633832406
163	26.264036030310784
164	24.961880644065438
165	25.66575895392552
166	24.706663658165887
167	24.814251423816643
168	24.351358425383403
169	24.352095470070587
170	24.59885484833537
171	23.45325648813685
172	23.858841607429774
173	22.95297913495539
174	22.828646390823437
175	21.773341967432522
176	22.441230706778637
177	22.52920221070592
178	21.865446064683972
179	20.7690607017335
180	20.109263564728703
181	20.07844740020912
182	20.03448349476387
183	20.188698405284924
184	19.817837993102682
185	19.342927445596665
186	18.80805232127301
187	19.27299917226304
188	18.80915424546971
189	18.814202029538304
190	18.266327289409325
191	17.41349440782742
192	18.190906298738454
193	17.72156471312711
194	16.464587092354897
195	16.911819909870182
196	16.04235442745501
197	16.63452073766797
198	16.181414190949265
199	15.974032026377298
200	15.685166361074948
202.31589085197973	14.966850033011768
204.65859845615083	14.514260160579685
207.02843333586878	14.225821635263049
209.42570961017992	13.99331668186893
211.85074503545778	13.15613766148602
214.30386104752128	12.794674667205769
216.78538280424073	12.364212350126635
219.29563922863701	11.865383600985238
221.8349630524802	11.726489264772074
224.40369086039266	11.09523680194524
227.00216313446302	10.950210993594155
229.63072429937657	10.138738103996248
232.28972276806857	10.14175131724237
234.9795109879059	9.662312164355637
237.7004454874037	9.10177483276539
240.4528869234826	8.914674768550276
243.23720012927362	8.44945812312036
246.0537541624763	8.395805502842077
248.902922354277	7.977547354364589
251.78508235883345	7.651566899673345
254.70061620333234	7.270884721368075
257.6499103386268	6.96013857775052
260.6333556904599	6.848424749206842
263.6513477112814	6.341657067499252
266.7042864326648	6.1840842856811085
269.7925765183307	5.948788107276508
272.9166273177849	5.714985937776994
276.0768529205769	5.520111227720609
279.27367221118755	5.19465136986235
282.50750892455085	4.94105077703366
285.7787917022206	4.833566877098401
289.08795414918546	4.522692798129009
292.4354348913437	4.364838162852625
295.8216776336415	4.212392898222422
299.2471312188867	3.8934463706824767
302.71224968724164	3.7916699618625804
306.217492336406	3.596247026298431
309.7633237824963	3.428847698908352
313.3502140216298	3.337716676752829
316.97863849222273	3.0623076250230703
320.6490781380083	2.9548738595925306
324.362019471786	2.77821230796918
328.11795463990785	2.662163655916283
331.9173814875121	2.550353283188125
335.76080362451205	2.4166119850391667
339.6487304923489	2.2167890709249476
343.5816774315176	2.1540918912791707
347.56016574987507	2.037407726957067
351.58472279173856	1.93058781134087
355.65588200778456	1.777639302949091
359.77418302575757	1.7840904458367635
363.9401717219967	1.602214546681835
368.1544002937912	1.5548757053661268
372.4174273325735	1.4370631279467099
376.7298178979601	1.3795745641025778
381.09214359264945	1.2549709073333801
385.50498263818724	1.2330280908585234
389.96891995160905	1.1345332176836511
394.4845472229707	1.0628770662657039
399.0524629937759	1.0022232515864946
403.67327273631213	0.9314962006310963
408.34758893390585	0.8898569065873064
413.0760311621059	0.8345182998427747
417.8592261708079	0.8016160103869371
422.69780796732937	0.7163311670108693
427.59241790044643	0.6628408298802577
432.54370474540406	0.6223176193489709
437.55232478991053	0.6152189704777377
442.61894192112754	0.5406374981952894
447.74422771366795	0.5206656854792728
452.92886151861194	0.48513950623304575
458.17353055355466	0.44067827666805676
463.47892999369566	0.42434673910144033
468.8457630639844	0.3876671230564392
474.27474113233103	0.35855951419860344
479.7665838038981	0.336633441025909
485.32201901648307	0.319925102168452
490.9417831370061	0.28603619090343385
496.6266210591141	0.2662988858788017
502.377286301916	0.24829218599408623
508.19454110986106	0.23756102174026972
514.0791565537728	0.2103287421284595
520.0319126330545	0.19120028755976493
526.0535983790763	0.18747186568328475
532.145011959762	0.16160571094238543
538.3069607853831	0.15114488956151742
544.5402616155825	0.13848163908936972
550.8457406676332	0.12885099970805336
557.224233725954	0.11573934823018264
563.6765862528907	0.10328995428688051
570.2036535007819	0.09638087932966642
576.8063006253212	0.08472489739032367
583.4854028002334	0.0758120905305907
590.2418453332772	0.06942725363110326
597.0765237835919	0.06126436993120567
603.9903440804032	0.053401057252884895
610.9842226431026	0.04972489753595802
618.0590865027181	0.042000156197606026
625.215873424791	0.03672921822192698
632.4555320336759	0.03223385520513665
639.7790219382796	0.02725168778820277
647.1873138592565	0.023505113811113098
654.6813897576765	0.02032977278763614
662.2622429651823	0.017501056137537448
669.9308783156553	0.013978350255529133
677.6883122784051	0.011715944642147392
685.5355730929008	0.009462055090288881
693.4737009050633	0.00734337875990803
701.503747905136	0.00559603915249865
709.626778467151	0.004318507492948028
717.8438692900105	0.0030569651660516343
726.1561095402028	0.002197183134721913
734.5646009961694	0.0014475228295169299
743.0704581943452	0.0008693801140558301
751.6748085768884	0.0004809594626821223
760.3787926411223	0.0003146217524662941
769.183564090707	0.00010962630819306908
778.0902899885612	0.00003617283563135062
787.1001509115548	2.5366644500074173e-6
796.2143411069944	3.134534365201319e-7
805.4340686509182	0.
814.7605556082254	0.
824.1950381946604	0.
833.7387669406708	0.
843.3930068571644	0.
853.1590376031854	0.
863.0381536555306	0.
873.031664480332	0.
883.1408947066251	0.
893.3671843019264	0.
903.7118887498448	0.
914.1763792297502	0.
924.7620427985206	0.
935.4702825743965	0.
946.3025179229611	0.
957.2601846452768	0.
968.3447351681988	0.
979.5576387368925	0.
990.9003816095807	0.
1002.3744672545447	0.
1013.9814165494086	0.
1025.7227679827297	0.
1037.600077857922	0.
1049.6149204995452	0.
1061.7688884619768	0.
1074.0635927405053	0.
1086.5006629848663	0.
1099.081747715249	0.
1111.8085145408072	0.
1124.6826503806983	0.
1137.705861687683	0.
1150.879874674314	0.
1164.2064355417428	0.
1177.6873107111778	0.
1191.324287058021	0.
1205.1191721487155	0.
1219.0737944803384	0.
1233.1900037229643	0.
1247.4696709648385	0.
1261.9146889603867	0.
1276.5269723810975	0.
1291.3084580693112	0.
1306.261105294945	0.
1321.3868960151922	0.
1336.6878351372295	0.
1352.1659507839638	0.
1367.8232945628586	0.
1383.6619418378727	0.
1399.6839920045468	0.
1415.8915687682756	0.
1432.2868204258039	0.
1448.87192014998	0.
1465.649066277808	0.
1482.620482601835	0.
1499.7884186649117	0.
1517.1551500583676	0.
1534.7229787236379	0.
1552.4942332573835	0.
1570.4712692201435	0.
1588.6564694485633	0.
1607.0522443712346	0.
1625.6610323281986	0.
1644.4852998941424	0.
1663.5275422053421	0.
1682.79028329039	0.
1702.2760764047532	0.
1721.9875043692014	0.
1741.9271799121614	0.
1762.0977460160284	0.
1782.501876267491	0.
1803.1422752119142	0.
1824.0216787118193	0.
1845.1428543095262	0.
1866.5086015939821	0.
1888.1217525718466	0.
1909.9851720428717	0.
1932.1017579796267	0.
1954.4744419116214	0.
1977.1061893138774	0.
2000.	0.
2023.1589085197975	0.
2046.5859845615082	0.
2070.2843333586884	0.
2094.257096101799	0.
2118.5074503545775	0.
2143.0386104752133	0.
2167.853828042407	0.
2192.9563922863704	0.
2218.349630524802	0.
2244.0369086039273	0.
2270.02163134463	0.
2296.3072429937656	0.
2322.8972276806853	0.
2349.7951098790595	0.
2377.0044548740366	0.
2404.5288692348263	0.
2432.3720012927356	0.
2460.5375416247634	0.
2489.02922354277	0.
2517.850823588335	0.
2547.006162033323	0.
2576.4991033862684	0.
2606.3335569045985	0.
2636.5134771128146	0.
2667.0428643266478	0.
2697.925765183308	0.
2729.1662731778492	0.
2760.7685292057704	0.
2792.736722111875	0.
2825.0750892455094	0.
2857.787917022206	0.
2890.8795414918545	0.
2924.3543489134368	0.
2958.2167763364146	0.
2992.471312188867	0.
3027.122496872416	0.
3062.1749233640608	0.
3097.633237824962	0.
3133.502140216299	0.
3169.7863849222267	0.
3206.4907813800837	0.
3243.6201947178597	0.
3281.1795463990793	0.
3319.1738148751215	0.
3357.6080362451216	0.
3396.487304923489	0.
3435.8167743151766	0.
3475.6016574987507	0.
3515.8472279173866	0.
3556.5588200778457	0.
3597.7418302575766	0.
3639.401717219967	0.
3681.5440029379124	0.
3724.174273325735	0.
3767.2981789796017	0.
3810.9214359264947	0.
3855.049826381871	0.
3899.689199516091	0.
3944.8454722297074	0.
3990.5246299377595	0.
4036.7327273631213	0.
4083.4758893390594	0.
4130.760311621058	0.
4178.59226170808	0.
4226.978079673293	0.
4275.924179004464	0.
4325.43704745404	0.
4375.5232478991065	0.
4426.189419211275	0.
4477.44227713668	0.
4529.288615186119	0.
4581.735305535547	0.
4634.789299936957	0.
4688.457630639845	0.
4742.74741132331	0.
4797.665838038982	0.
4853.220190164831	0.
4909.417831370062	0.
4966.26621059114	0.
5023.772863019162	0.
5081.94541109861	0.
5140.7915655377265	0.
5200.319126330544	0.
5260.535983790763	0.
5321.45011959762	0.
5383.069607853831	0.
5445.402616155825	0.
5508.4574066763325	0.
5572.242337259541	0.
5636.765862528907	0.
5702.036535007819	0.
5768.063006253212	0.
5834.854028002335	0.
5902.418453332772	0.
5970.765237835921	0.
6039.9034408040325	0.
6109.842226431028	0.
6180.590865027181	0.
6252.1587342479115	0.
6324.555320336758	0.
6397.790219382798	0.
6471.873138592565	0.
6546.813897576766	0.
6622.622429651822	0.
6699.3087831565545	0.
6776.883122784051	0.
6855.35573092901	0.
6934.737009050633	0.
7015.03747905136	0.
7096.26778467151	0.
7178.438692900103	0.
7261.5610954020285	0.
7345.646009961692	0.
7430.7045819434525	0.
7516.748085768883	0.
7603.787926411225	0.
7691.835640907071	0.
7780.902899885614	0.
7871.001509115548	0.
7962.1434110699465	0.
8054.340686509181	0.
8147.605556082256	0.
8241.950381946604	0.
8337.387669406711	0.
8433.930068571644	0.
8531.590376031854	0.
8630.381536555306	0.
8730.316644803323	0.
8831.408947066251	0.
8933.671843019265	0.
9037.11888749845	0.
9141.763792297503	0.
9247.620427985206	0.
9354.702825743962	0.
9463.025179229611	0.
9572.601846452766	0.
9683.447351681989	0.
9795.576387368923	0.
9909.003816095807	0.
10023.744672545445	0.
10139.814165494088	0.
10257.227679827296	0.
10376.000778579224	0.
10496.149204995452	0.
10617.688884619769	0.
10740.635927405054	0.
10865.006629848667	0.
10990.817477152492	0.
11118.085145408073	0.
11246.826503806982	0.
11377.058616876831	0.
11508.79874674314	0.
11642.064355417431	0.
11776.87310711178	0.
11913.242870580212	0.
12051.191721487156	0.
12190.737944803388	0.
12331.900037229645	0.
12474.696709648382	0.
12619.146889603866	0.
12765.269723810972	0.
12913.084580693112	0.
13062.611052949447	0.
13213.868960151922	0.
13366.87835137229	0.
13521.659507839639	0.
13678.232945628584	0.
13836.619418378732	0.
13996.839920045468	0.
14158.915687682762	0.
14322.86820425804	0.
14488.719201499805	0.
14656.49066277808	0.
14826.204826018355	0.
14997.884186649117	0.
15171.55150058368	0.
15347.229787236378	0.
15524.94233257384	0.
15704.712692201438	0.
15886.564694485634	0.
16070.522443712347	0.
16256.61032328199	0.
16444.852998941424	0.
16635.275422053415	0.
16827.902832903903	0.
17022.760764047525	0.
17219.875043692016	0.
17419.271799121612	0.
17620.977460160284	0.
17825.01876267491	0.
18031.422752119142	0.
18240.216787118195	0.
18451.428543095266	0.
18665.08601593982	0.
18881.21752571847	0.
19099.851720428716	0.
19321.01757979627	0.
19544.744419116214	0.
19771.06189313878	0.
20000.	0.