0	19019.446720764543
1	7163.219705615779
2	7916.934229865294
3	8319.934416605553
4	8603.744741361446
5	8050.063889756666
6	8000.362393422282
7	7271.293607946837
8	6833.590912183009
9	6448.75902095661
10	5701.835502304798
11	5174.357257592866
12	5078.918719158605
13	4398.915562318136
14	4209.39608848384
15	3958.09349305212
16	3455.159880868577
17	3209.0357773453447
18	2937.7364864180104
19	2627.969239789106
20	2401.116328840259
21	2095.8473961865507
22	2023.5003593615133
23	1710.655066130904
24	1616.6917733158382
25	1430.4886359754391
26	1344.9948114930799
27	1258.3826545298896
28	1120.544858839435
29	977.904268398152
30	879.7945939828076
31	805.3917570241972
32	710.692420577721
33	620.1574547912052
34	588.3148995973535
35	499.9880671225876
36	456.3836886724569
37	400.67307484248215
38	343.4658083777273
39	330.15166180926064
40	286.59074318211134
41	260.6777670145078
42	233.0410305464763
43	197.67964435896408
44	185.29336977601557
45	162.16599318326783
46	142.37969112083536
47	130.0461667586802
48	103.66044151027137
49	96.85842377684439
50	84.91822243711178
51	70.19234620474475
52	58.60045000012301
53	56.830817429615536
54	45.43180189724965
55	41.43516310330169
56	34.04056123308323
57	30.496143806901816
58	26.534952895045134
59	24.21379738600704
60	18.595197011977834
61	17.26550180237312
62	13.83258938092616
63	11.867102959788518
64	9.259641423798863
65	8.737191715520359
66	7.065144588325092
67	6.272507453708725
68	5.091221398103604
69	4.752571142681626
70	3.9660942911536154
71	3.45939085958966
72	3.143719488718447
73	2.84148468441057
74	2.7199500383133985
75	2.486246063647915
76	2.39247930134349
77	2.318945355440909
78	2.264804967299265
79	2.279601143010107
80	2.1858561507745082
81	2.2003483319653445
82	2.1190235452901374
83	2.173322058928788
84	2.116019785261658
85	2.0967250057941604
86	2.0547476304128316
87	2.0856432547529686
88	2.072567546871495
89	2.107248308649518
90	2.080587805552646
91	2.0168922068953568
92	2.0164041165580815
93	1.9561309561208877
94	1.9820614812892765
95	1.9267409817185308
96	1.9098518763824874
97	1.9389580296011077
98	1.9458775558363297
99	1.85413228984667
100	1.8513845149875536
101	1.7998303512866543
102	1.8768533545695352
103	1.757637874942298
104	1.7652366026089588
105	1.8051590314114019
106	1.859654455929772
107	1.712285905527764
108	1.7381703825799701
109	1.7300800520458552
110	1.737847057846654
111	1.703247095945205
112	1.6696298456142795
113	1.6741834925968218
114	1.6240023737015656
115	1.580674677960456
116	1.6203561639372734
117	1.6326337525916188
118	1.6507695715737576
119	1.5854931317897252
120	1.638203147525461
121	1.5725419876903841
122	1.6247132694880735
123	1.5504781139604367
124	1.5379342286178002
125	1.5438152444975548
126	1.45195985807246
127	1.491747106740532
128	1.485527778333184
129	1.4477187458018763
130	1.4203503283819567
131	1.4510813610879625
132	1.4269930461029745
133	1.4237364893892561
134	1.3659437272343569
135	1.3876512221379513
136	1.3791466038888105
137	1.3190201558239112
138	1.3017194317501517
139	1.3134757447980359
140	1.3058526930977723
141	1.279309688514925
142	1.287375417125492
143	1.257837300329706
144	1.2770161292794402
145	1.2785403225877774
146	1.2725093191173291
147	1.257216543377719
148	1.2266813212163152
149	1.2350435864758664
150	1.2215260926388685
151	1.2025259707454332
152	1.195422636877651
153	1.2058954074405717
154	1.2043633180279931
155	1.1743128723969913
156	1.125646953011926
157	1.1431401587162808
158	1.126368441311811
159	1.0767320857345029
160	1.0955212427047216
161	1.0844969909697606
162	1.0495682753912658
163	1.1169818214436065
164	1.092606090246723
165	1.056632202668544
166	1.1251678469836577
167	1.0492675216588037
168	1.0415700023662486
169	1.0561478493240037
170	1.0143655211632703
171	1.0892598999186407
172	1.0381244023939875
173	1.0550520596877264
174	1.037428107936037
175	1.0413785132959752
176	0.9921925098480519
177	1.014597586753651
178	1.0047534251844572
179	1.04757546150889
180	0.944156448847503
181	0.9925430569371755
182	0.9567901523172043
183	0.9401021879839865
184	0.908218604905063
185	0.9214853854226245
186	0.9082389279540916
187	0.896518274405689
188	0.8667496637332948
189	0.8945917746181921
190	0.8887178632567821
191	0.890792624026207
192	0.8650696903634724
193	0.8845057450146704
194	0.8514734711252362
195	0.877027436119052
196	0.816652535494695
197	0.8270345560040249
198	0.8036542046252564
199	0.8307283725542526
200	0.8129905732480193
202.31589085197973	0.7910638693289667
204.65859845615083	0.7622661397573153
207.02843333586878	0.7580416264725166
209.42570961017992	0.7301350653151962
211.85074503545778	0.7217638477992171
214.30386104752128	0.7119709789191049
216.78538280424073	0.6959553517462614
219.29563922863701	0.6784766777182085
221.8349630524802	0.6969365438618494
224.40369086039266	0.6413283318937529
227.00216313446302	0.6159361665831846
229.63072429937657	0.6215341008432901
232.28972276806857	0.597914204309708
234.9795109879059	0.58442371128913
237.7004454874037	0.585026664135292
240.4528869234826	0.567764800038768
243.23720012927362	0.5521476289477526
246.0537541624763	0.5450386237563349
248.902922354277	0.5165460808840866
251.78508235883345	0.49673961751883106
254.70061620333234	0.5096618713729257
257.6499103386268	0.4712408399947895
260.6333556904599	0.45956063906162764
263.6513477112814	0.4626883921075619
266.7042864326648	0.43569464211659287
269.7925765183307	0.4323950169949105
272.9166273177849	0.4129976119376389
276.0768529205769	0.4090167783221974
279.27367221118755	0.4021845109317981
282.50750892455085	0.38472653434032417
285.7787917022206	0.3740299738850107
289.08795414918546	0.35292778564334554
292.4354348913437	0.35833982769258615
295.8216776336415	0.3269421341688846
299.2471312188867	0.3449417034627653
302.71224968724164	0.31359770309904145
306.217492336406	0.3116854118748459
309.7633237824963	0.2900053286573076
313.3502140216298	0.29356732733332885
316.97863849222273	0.2850980461937885
320.6490781380083	0.2556209008967979
324.362019471786	0.26330243950723087
328.11795463990785	0.2488775521733961
331.9173814875121	0.23677791267017267
335.76080362451205	0.23391752171840144
339.6487304923489	0.22833170488132473
343.5816774315176	0.21631448609619408
347.56016574987507	0.21062772709850586
351.58472279173856	0.19703197716032658
355.65588200778456	0.18456901908460452
359.77418302575757	0.18662689214715245
363.9401717219967	0.179127079973636
368.1544002937912	0.17063927805340898
372.4174273325735	0.16915950756403372
376.7298178979601	0.14994989955898125
381.09214359264945	0.14885337544465904
385.50498263818724	0.14507761215791662
389.96891995160905	0.13715933671412733
394.4845472229707	0.13156195590874
399.0524629937759	0.12830644267592978
403.67327273631213	0.12132603824446142
408.34758893390585	0.11578077569272585
413.0760311621059	0.10469718285869764
417.8592261708079	0.10084648585540082
422.69780796732937	0.10410887390262846
427.59241790044643	0.0934010128720596
432.54370474540406	0.09130408086836442
437.55232478991053	0.08307300727224777
442.61894192112754	0.08351343159421062
447.74422771366795	0.07438814222180713
452.92886151861194	0.07284458767353905
458.17353055355466	0.07058527924239116
463.47892999369566	0.06495467217287025
468.8457630639844	0.06180720228380936
474.27474113233103	0.05800362545247848
479.7665838038981	0.05351370316527377
485.32201901648307	0.051613571837228284
490.9417831370061	0.04990576166461082
496.6266210591141	0.045772422944945775
502.377286301916	0.04334695147932671
508.19454110986106	0.03950219847765918
514.0791565537728	0.038412057696165465
520.0319126330545	0.03569282840155194
526.0535983790763	0.03393253898256744
532.145011959762	0.031114730634019434
538.3069607853831	0.029275432268168845
544.5402616155825	0.02738914113457795
550.8457406676332	0.025377264216672177
557.224233725954	0.022786744486671905
563.6765862528907	0.02146411945306427
570.2036535007819	0.02099589289979305
576.8063006253212	0.018951031273763474
583.4854028002334	0.016245485792414492
590.2418453332772	0.01650456954886082
597.0765237835919	0.014529039323086418
603.9903440804032	0.013512516916283437
610.9842226431026	0.01208531261366015
618.0590865027181	0.011526058684337365
625.215873424791	0.010276099451581883
632.4555320336759	0.009765724138007066
639.7790219382796	0.008438033730571991
647.1873138592565	0.007462776343018009
654.6813897576765	0.007046695257435975
662.2622429651823	0.006269257140213517
669.9308783156553	0.0056365466831778946
677.6883122784051	0.005229923462989725
685.5355730929008	0.004375974695237381
693.4737009050633	0.003824431598914748
701.503747905136	0.003550515792081678
709.626778467151	0.0030140356115911024
717.8438692900105	0.002821207943196413
726.1561095402028	0.0023593476425760847
734.5646009961694	0.0019313606686246904
743.0704581943452	0.0019153190694084492
751.6748085768884	0.0013272954837311567
760.3787926411223	0.0013409523392164295
769.183564090707	0.0010599318322404205
778.0902899885612	0.0009262088743097035
787.1001509115548	0.0007072264671692943
796.2143411069944	0.0006094115559511177
805.4340686509182	0.00040952592852243856
814.7605556082254	0.00035655822122215283
824.1950381946604	0.00029093315260590654
833.7387669406708	0.0001786706992403643
843.3930068571644	0.00015147237440085972
853.1590376031854	0.00009804855906227123
863.0381536555306	0.00006713504221013266
873.031664480332	0.00004691784949204826
883.1408947066251	0.00003140613354136582
893.3671843019264	0.000021167092740781874
903.7118887498448	0.000015016843654617327
914.1763792297502	0.00001261447334782761
924.7620427985206	9.260113929642463e-6
935.4702825743965	4.557217877206084e-6
946.3025179229611	4.580163880854714e-6
957.2601846452768	2.837749660234154e-6
968.3447351681988	5.937269209602168e-7
979.5576387368925	0.
990.9003816095807	0.
1002.3744672545447	0.
1013.9814165494086	0.
1025.7227679827297	0.
1037.600077857922	0.
1049.6149204995452	0.
1061.7688884619768	0.
1074.0635927405053	0.
1086.5006629848663	0.
1099.081747715249	0.
1111.8085145408072	0.
1124.6826503806983	0.
1137.705861687683	0.
1150.879874674314	0.
1164.2064355417428	0.
1177.6873107111778	0.
1191.324287058021	0.
1205.1191721487155	0.
1219.0737944803384	0.
1233.1900037229643	0.
1247.4696709648385	0.
1261.9146889603867	0.
1276.5269723810975	0.
1291.3084580693112	0.
1306.261105294945	0.
1321.3868960151922	0.
1336.6878351372295	0.
1352.1659507839638	0.
1367.8232945628586	0.
1383.6619418378727	0.
1399.6839920045468	0.
1415.8915687682756	0.
1432.2868204258039	0.
1448.87192014998	0.
1465.649066277808	0.
1482.620482601835	0.
1499.7884186649117	0.
1517.1551500583676	0.
1534.7229787236379	0.
1552.4942332573835	0.
1570.4712692201435	0.
1588.6564694485633	0.
1607.0522443712346	0.
1625.6610323281986	0.
1644.4852998941424	0.
1663.5275422053421	0.
1682.79028329039	0.
1702.2760764047532	0.
1721.9875043692014	0.
1741.9271799121614	0.
1762.0977460160284	0.
1782.501876267491	0.
1803.1422752119142	0.
1824.0216787118193	0.
1845.1428543095262	0.
1866.5086015939821	0.
1888.1217525718466	0.
1909.9851720428717	0.
1932.1017579796267	0.
1954.4744419116214	0.
1977.1061893138774	0.
2000.	0.
2023.1589085197975	0.
2046.5859845615082	0.
2070.2843333586884	0.
2094.257096101799	0.
2118.5074503545775	0.
2143.0386104752133	0.
2167.853828042407	0.
2192.9563922863704	0.
2218.349630524802	0.
2244.0369086039273	0.
2270.02163134463	0.
2296.3072429937656	0.
2322.8972276806853	0.
2349.7951098790595	0.
2377.0044548740366	0.
2404.5288692348263	0.
2432.3720012927356	0.
2460.5375416247634	0.
2489.02922354277	0.
2517.850823588335	0.
2547.006162033323	0.
2576.4991033862684	0.
2606.3335569045985	0.
2636.5134771128146	0.
2667.0428643266478	0.
2697.925765183308	0.
2729.1662731778492	0.
2760.7685292057704	0.
2792.736722111875	0.
2825.0750892455094	0.
2857.787917022206	0.
2890.8795414918545	0.
2924.3543489134368	0.
2958.2167763364146	0.
2992.471312188867	0.
3027.122496872416	0.
3062.1749233640608	0.
3097.633237824962	0.
3133.502140216299	0.
3169.7863849222267	0.
3206.4907813800837	0.
3243.6201947178597	0.
3281.1795463990793	0.
3319.1738148751215	0.
3357.6080362451216	0.
3396.487304923489	0.
3435.8167743151766	0.
3475.6016574987507	0.
3515.8472279173866	0.
3556.5588200778457	0.
3597.7418302575766	0.
3639.401717219967	0.
3681.5440029379124	0.
3724.174273325735	0.
3767.2981789796017	0.
3810.9214359264947	0.
3855.049826381871	0.
3899.689199516091	0.
3944.8454722297074	0.
3990.5246299377595	0.
4036.7327273631213	0.
4083.4758893390594	0.
4130.760311621058	0.
4178.59226170808	0.
4226.978079673293	0.
4275.924179004464	0.
4325.43704745404	0.
4375.5232478991065	0.
4426.189419211275	0.
4477.44227713668	0.
4529.288615186119	0.
4581.735305535547	0.
4634.789299936957	0.
4688.457630639845	0.
4742.74741132331	0.
4797.665838038982	0.
4853.220190164831	0.
4909.417831370062	0.
4966.26621059114	0.
5023.772863019162	0.
5081.94541109861	0.
5140.7915655377265	0.
5200.319126330544	0.
5260.535983790763	0.
5321.45011959762	0.
5383.069607853831	0.
5445.402616155825	0.
5508.4574066763325	0.
5572.242337259541	0.
5636.765862528907	0.
5702.036535007819	0.
5768.063006253212	0.
5834.854028002335	0.
5902.418453332772	0.
5970.765237835921	0.
6039.9034408040325	0.
6109.842226431028	0.
6180.590865027181	0.
6252.1587342479115	0.
6324.555320336758	0.
6397.790219382798	0.
6471.873138592565	0.
6546.813897576766	0.
6622.622429651822	0.
6699.3087831565545	0.
6776.883122784051	0.
6855.35573092901	0.
6934.737009050633	0.
7015.03747905136	0.
7096.26778467151	0.
7178.438692900103	0.
7261.5610954020285	0.
7345.646009961692	0.
7430.7045819434525	0.
7516.748085768883	0.
7603.787926411225	0.
7691.835640907071	0.
7780.902899885614	0.
7871.001509115548	0.
7962.1434110699465	0.
8054.340686509181	0.
8147.605556082256	0.
8241.950381946604	0.
8337.387669406711	0.
8433.930068571644	0.
8531.590376031854	0.
8630.381536555306	0.
8730.316644803323	0.
8831.408947066251	0.
8933.671843019265	0.
9037.11888749845	0.
9141.763792297503	0.
9247.620427985206	0.
9354.702825743962	0.
9463.025179229611	0.
9572.601846452766	0.
9683.447351681989	0.
9795.576387368923	0.
9909.003816095807	0.
10023.744672545445	0.
10139.814165494088	0.
10257.227679827296	0.
10376.000778579224	0.
10496.149204995452	0.
10617.688884619769	0.
10740.635927405054	0.
10865.006629848667	0.
10990.817477152492	0.
11118.085145408073	0.
11246.826503806982	0.
11377.058616876831	0.
11508.79874674314	0.
11642.064355417431	0.
11776.87310711178	0.
11913.242870580212	0.
12051.191721487156	0.
12190.737944803388	0.
12331.900037229645	0.
12474.696709648382	0.
12619.146889603866	0.
12765.269723810972	0.
12913.084580693112	0.
13062.611052949447	0.
13213.868960151922	0.
13366.87835137229	0.
13521.659507839639	0.
13678.232945628584	0.
13836.619418378732	0.
13996.839920045468	0.
14158.915687682762	0.
14322.86820425804	0.
14488.719201499805	0.
14656.49066277808	0.
14826.204826018355	0.
14997.884186649117	0.
15171.55150058368	0.
15347.229787236378	0.
15524.94233257384	0.
15704.712692201438	0.
15886.564694485634	0.
16070.522443712347	0.
16256.61032328199	0.
16444.852998941424	0.
16635.275422053415	0.
16827.902832903903	0.
17022.760764047525	0.
17219.875043692016	0.
17419.271799121612	0.
17620.977460160284	0.
17825.01876267491	0.
18031.422752119142	0.
18240.216787118195	0.
18451.428543095266	0.
18665.08601593982	0.
18881.21752571847	0.
19099.851720428716	0.
19321.01757979627	0.
19544.744419116214	0.
19771.06189313878	0.
20000.	0.