0	520.9961550635063
1	200.81939502258882
2	230.56413352982608
3	253.35791818286532
4	268.14373613789166
5	276.0118444816314
6	280.66312207146655
7	278.1966647372508
8	276.62022089081864
9	275.44031939182173
10	269.057551170562
11	269.98319004552684
12	262.8939688637068
13	263.9529950364635
14	262.47975473115423
15	257.9935629706806
16	255.29761676178794
17	253.21186146376863
18	251.16596089842403
19	246.93126534589047
20	242.9569821034095
21	240.69314883501545
22	240.7097858750554
23	234.8030907451716
24	234.04602828292477
25	230.31063685669145
26	228.13252079544756
27	226.165602576177
28	221.96383207253453
29	217.3013221760625
30	214.8072615873588
31	212.73743065077704
32	211.51455681755382
33	208.09649876637968
34	206.07366441770174
35	202.62349018990272
36	198.14950965195044
37	197.49838599910203
38	194.24286801789847
39	192.223035817753
40	191.253455070514
41	188.588677966849
42	187.39297525687286
43	185.5968957230452
44	182.14485337165183
45	176.82712610925756
46	175.37372519568203
47	172.2636394414972
48	172.5869562378511
49	170.5700517521813
50	166.23608187671732
51	164.89142883052858
52	161.18124033807038
53	160.60549004568853
54	157.66099642188877
55	156.90263808203792
56	152.1708076165283
57	153.37820700142018
58	150.64363493610773
59	148.70559808828858
60	144.66316834118174
61	142.01848626966682
62	139.8226283316058
63	138.63575029248315
64	136.25799833126905
65	134.47278908120194
66	133.2289319386583
67	131.44114741840843
68	129.05542026900815
69	127.16937846874234
70	126.98074471847907
71	125.75043071472697
72	124.04083685861426
73	120.32067221955792
74	119.1638851184482
75	117.38158866708645
76	116.82029520297695
77	114.05857344209961
78	112.73459571029882
79	110.69887580368128
80	109.9131864643798
81	108.30865091741668
82	105.01597640260664
83	104.50101851290773
84	100.97901116492363
85	101.8625735442778
86	100.38028198562328
87	98.63243816417254
88	95.99296757588259
89	97.75509861245699
90	93.1297304048154
91	91.27504660393075
92	91.2253721416317
93	91.19498487641502
94	89.03313636775478
95	86.98006405611228
96	85.95764523170972
97	84.93534492844032
98	83.04084387751418
99	80.54002996798249
100	80.91885178705513
101	79.13694523191515
102	78.88411166994939
103	76.3824618236884
104	77.06923772812591
105	74.54557722719437
106	73.57756537652774
107	72.20713610110249
108	71.69967998507906
109	69.69334815323093
110	68.52477170314069
111	68.45581719234572
112	66.91473128486254
113	65.64242846592252
114	65.30115565558988
115	64.17074235487303
116	62.61035325327441
117	62.86553585387602
118	59.7892495240523
119	60.08658258349688
120	59.835400332624104
121	57.67295763877382
122	56.588319875463554
123	55.850457048394375
124	55.930410415452116
125	54.54710008804493
126	53.761569719638445
127	52.95449797310432
128	51.89283614722316
129	50.64098516688018
130	49.56844320391874
131	50.61567324148789
132	48.90679407861188
133	48.27844806514714
134	46.32297134908031
135	46.50628166452612
136	45.026384850553185
137	45.15627787256059
138	44.68678671345698
139	43.127613792495495
140	41.80135250519251
141	41.481852257525986
142	41.406572106239295
143	41.43092176093536
144	39.616536785161706
145	39.707606600724056
146	38.480507343320454
147	37.62065863407862
148	37.603183557664735
149	36.55523130306305
150	35.65491826356067
151	36.00204290858525
152	35.2488789327053
153	34.13884121870839
154	33.9071405621056
155	33.86336163990783
156	32.876940627827345
157	31.918838495513523
158	32.155998464157655
159	30.962139608538077
160	30.270508038509004
161	30.26482868419645
162	30.007289557448694
163	28.498620176701827
164	28.601725963540062
165	27.75934814757645
166	27.347329785489716
167	27.154592109195477
168	26.767378830010706
169	26.470267301335785
170	26.03192942722647
171	25.07191022888497
172	24.902289406364062
173	24.481693922525057
174	23.802511443488626
175	24.009371659953672
176	23.12671297818273
177	22.625965069611276
178	22.38563812786728
179	22.249773099032545
180	21.975902462213984
181	21.65952803421721
182	21.0800062017658
183	20.54926605804483
184	19.812136508793998
185	19.994103952793925
186	19.65211335857755
187	19.222510567079098
188	18.79034335705244
189	18.143048234296486
190	18.425399304200536
191	17.892460081462378
192	17.349083268766442
193	16.947644927590023
194	16.85481396777919
195	16.76112107161812
196	16.04662327849724
197	15.921960511694946
198	15.854124486969408
199	15.602600700579911
200	14.932526377128184
202.31589085197973	14.51215924539989
204.65859845615083	13.916437491595355
207.02843333586878	13.511828313808484
209.42570961017992	12.888608715852333
211.85074503545778	12.000161481792269
214.30386104752128	11.547521979196663
216.78538280424073	11.179944758973377
219.29563922863701	10.485567344708876
221.8349630524802	10.069900643575071
224.40369086039266	9.681055829130887
227.00216313446302	9.160149811853078
229.63072429937657	8.65110965038731
232.28972276806857	8.380580292112482
234.9795109879059	7.870329470980715
237.7004454874037	7.604461855583144
240.4528869234826	7.048610517786391
243.23720012927362	6.767220822561257
246.0537541624763	6.412838576277816
248.902922354277	6.082851414979537
251.78508235883345	5.7019550599965445
254.70061620333234	5.458341470198852
257.6499103386268	5.0560711320212555
260.6333556904599	4.877138452465322
263.6513477112814	4.507896009651368
266.7042864326648	4.328010871156107
269.7925765183307	3.8826082656698193
272.9166273177849	3.8158538799592527
276.0768529205769	3.5704750184038327
279.27367221118755	3.380732544542699
282.50750892455085	3.0841837286572176
285.7787917022206	2.8980154294381615
289.08795414918546	2.706924577359663
292.4354348913437	2.5450424967051486
295.8216776336415	2.3321821699481027
299.2471312188867	2.2205466855285403
302.71224968724164	2.0112436463946035
306.217492336406	1.9127061472226976
309.7633237824963	1.7828588450046594
313.3502140216298	1.600028185988786
316.97863849222273	1.4910977525964346
320.6490781380083	1.3545909434858876
324.362019471786	1.2741386373063555
328.11795463990785	1.1607544456943075
331.9173814875121	1.0670470004170576
335.76080362451205	0.9464483066114018
339.6487304923489	0.8741204037697862
343.5816774315176	0.790153666386399
347.56016574987507	0.7282132177819322
351.58472279173856	0.6625559602336617
355.65588200778456	0.5927289062164316
359.77418302575757	0.5129202378976386
363.9401717219967	0.4742124867841832
368.1544002937912	0.42184922506448397
372.4174273325735	0.3627881500530014
376.7298178979601	0.3222458357046194
381.09214359264945	0.2933446438522292
385.50498263818724	0.24102847797484722
389.96891995160905	0.22161248724917376
394.4845472229707	0.18920993049333626
399.0524629937759	0.15332110011687622
403.67327273631213	0.13804709667683346
408.34758893390585	0.11471213476163573
413.0760311621059	0.09420778520178762
417.8592261708079	0.0787177443224396
422.69780796732937	0.06052121514942433
427.59241790044643	0.046465851605576584
432.54370474540406	0.03606835852099778
437.55232478991053	0.02530871269718502
442.61894192112754	0.019611022089021306
447.74422771366795	0.013275238326166642
452.92886151861194	0.008641637215408785
458.17353055355466	0.005268772218639513
463.47892999369566	0.002724496366321199
468.8457630639844	0.0009051653283550823
474.27474113233103	0.0001673143340073808
479.7665838038981	3.9296583571158354e-6
485.32201901648307	0.
490.9417831370061	0.
496.6266210591141	0.
502.377286301916	0.
508.19454110986106	0.
514.0791565537728	0.
520.0319126330545	0.
526.0535983790763	0.
532.145011959762	0.
538.3069607853831	0.
544.5402616155825	0.
550.8457406676332	0.
557.224233725954	0.
563.6765862528907	0.
570.2036535007819	0.
576.8063006253212	0.
583.4854028002334	0.
590.2418453332772	0.
597.0765237835919	0.
603.9903440804032	0.
610.9842226431026	0.
618.0590865027181	0.
625.215873424791	0.
632.4555320336759	0.
639.7790219382796	0.
647.1873138592565	0.
654.6813897576765	0.
662.2622429651823	0.
669.9308783156553	0.
677.6883122784051	0.
685.5355730929008	0.
693.4737009050633	0.
701.503747905136	0.
709.626778467151	0.
717.8438692900105	0.
726.1561095402028	0.
734.5646009961694	0.
743.0704581943452	0.
751.6748085768884	0.
760.3787926411223	0.
769.183564090707	0.
778.0902899885612	0.
787.1001509115548	0.
796.2143411069944	0.
805.4340686509182	0.
814.7605556082254	0.
824.1950381946604	0.
833.7387669406708	0.
843.3930068571644	0.
853.1590376031854	0.
863.0381536555306	0.
873.031664480332	0.
883.1408947066251	0.
893.3671843019264	0.
903.7118887498448	0.
914.1763792297502	0.
924.7620427985206	0.
935.4702825743965	0.
946.3025179229611	0.
957.2601846452768	0.
968.3447351681988	0.
979.5576387368925	0.
990.9003816095807	0.
1002.3744672545447	0.
1013.9814165494086	0.
1025.7227679827297	0.
1037.600077857922	0.
1049.6149204995452	0.
1061.7688884619768	0.
1074.0635927405053	0.
1086.5006629848663	0.
1099.081747715249	0.
1111.8085145408072	0.
1124.6826503806983	0.
1137.705861687683	0.
1150.879874674314	0.
1164.2064355417428	0.
1177.6873107111778	0.
1191.324287058021	0.
1205.1191721487155	0.
1219.0737944803384	0.
1233.1900037229643	0.
1247.4696709648385	0.
1261.9146889603867	0.
1276.5269723810975	0.
1291.3084580693112	0.
1306.261105294945	0.
1321.3868960151922	0.
1336.6878351372295	0.
1352.1659507839638	0.
1367.8232945628586	0.
1383.6619418378727	0.
1399.6839920045468	0.
1415.8915687682756	0.
1432.2868204258039	0.
1448.87192014998	0.
1465.649066277808	0.
1482.620482601835	0.
1499.7884186649117	0.
1517.1551500583676	0.
1534.7229787236379	0.
1552.4942332573835	0.
1570.4712692201435	0.
1588.6564694485633	0.
1607.0522443712346	0.
1625.6610323281986	0.
1644.4852998941424	0.
1663.5275422053421	0.
1682.79028329039	0.
1702.2760764047532	0.
1721.9875043692014	0.
1741.9271799121614	0.
1762.0977460160284	0.
1782.501876267491	0.
1803.1422752119142	0.
1824.0216787118193	0.
1845.1428543095262	0.
1866.5086015939821	0.
1888.1217525718466	0.
1909.9851720428717	0.
1932.1017579796267	0.
1954.4744419116214	0.
1977.1061893138774	0.
2000.	0.
2023.1589085197975	0.
2046.5859845615082	0.
2070.2843333586884	0.
2094.257096101799	0.
2118.5074503545775	0.
2143.0386104752133	0.
2167.853828042407	0.
2192.9563922863704	0.
2218.349630524802	0.
2244.0369086039273	0.
2270.02163134463	0.
2296.3072429937656	0.
2322.8972276806853	0.
2349.7951098790595	0.
2377.0044548740366	0.
2404.5288692348263	0.
2432.3720012927356	0.
2460.5375416247634	0.
2489.02922354277	0.
2517.850823588335	0.
2547.006162033323	0.
2576.4991033862684	0.
2606.3335569045985	0.
2636.5134771128146	0.
2667.0428643266478	0.
2697.925765183308	0.
2729.1662731778492	0.
2760.7685292057704	0.
2792.736722111875	0.
2825.0750892455094	0.
2857.787917022206	0.
2890.8795414918545	0.
2924.3543489134368	0.
2958.2167763364146	0.
2992.471312188867	0.
3027.122496872416	0.
3062.1749233640608	0.
3097.633237824962	0.
3133.502140216299	0.
3169.7863849222267	0.
3206.4907813800837	0.
3243.6201947178597	0.
3281.1795463990793	0.
3319.1738148751215	0.
3357.6080362451216	0.
3396.487304923489	0.
3435.8167743151766	0.
3475.6016574987507	0.
3515.8472279173866	0.
3556.5588200778457	0.
3597.7418302575766	0.
3639.401717219967	0.
3681.5440029379124	0.
3724.174273325735	0.
3767.2981789796017	0.
3810.9214359264947	0.
3855.049826381871	0.
3899.689199516091	0.
3944.8454722297074	0.
3990.5246299377595	0.
4036.7327273631213	0.
4083.4758893390594	0.
4130.760311621058	0.
4178.59226170808	0.
4226.978079673293	0.
4275.924179004464	0.
4325.43704745404	0.
4375.5232478991065	0.
4426.189419211275	0.
4477.44227713668	0.
4529.288615186119	0.
4581.735305535547	0.
4634.789299936957	0.
4688.457630639845	0.
4742.74741132331	0.
4797.665838038982	0.
4853.220190164831	0.
4909.417831370062	0.
4966.26621059114	0.
5023.772863019162	0.
5081.94541109861	0.
5140.7915655377265	0.
5200.319126330544	0.
5260.535983790763	0.
5321.45011959762	0.
5383.069607853831	0.
5445.402616155825	0.
5508.4574066763325	0.
5572.242337259541	0.
5636.765862528907	0.
5702.036535007819	0.
5768.063006253212	0.
5834.854028002335	0.
5902.418453332772	0.
5970.765237835921	0.
6039.9034408040325	0.
6109.842226431028	0.
6180.590865027181	0.
6252.1587342479115	0.
6324.555320336758	0.
6397.790219382798	0.
6471.873138592565	0.
6546.813897576766	0.
6622.622429651822	0.
6699.3087831565545	0.
6776.883122784051	0.
6855.35573092901	0.
6934.737009050633	0.
7015.03747905136	0.
7096.26778467151	0.
7178.438692900103	0.
7261.5610954020285	0.
7345.646009961692	0.
7430.7045819434525	0.
7516.748085768883	0.
7603.787926411225	0.
7691.835640907071	0.
7780.902899885614	0.
7871.001509115548	0.
7962.1434110699465	0.
8054.340686509181	0.
8147.605556082256	0.
8241.950381946604	0.
8337.387669406711	0.
8433.930068571644	0.
8531.590376031854	0.
8630.381536555306	0.
8730.316644803323	0.
8831.408947066251	0.
8933.671843019265	0.
9037.11888749845	0.
9141.763792297503	0.
9247.620427985206	0.
9354.702825743962	0.
9463.025179229611	0.
9572.601846452766	0.
9683.447351681989	0.
9795.576387368923	0.
9909.003816095807	0.
10023.744672545445	0.
10139.814165494088	0.
10257.227679827296	0.
10376.000778579224	0.
10496.149204995452	0.
10617.688884619769	0.
10740.635927405054	0.
10865.006629848667	0.
10990.817477152492	0.
11118.085145408073	0.
11246.826503806982	0.
11377.058616876831	0.
11508.79874674314	0.
11642.064355417431	0.
11776.87310711178	0.
11913.242870580212	0.
12051.191721487156	0.
12190.737944803388	0.
12331.900037229645	0.
12474.696709648382	0.
12619.146889603866	0.
12765.269723810972	0.
12913.084580693112	0.
13062.611052949447	0.
13213.868960151922	0.
13366.87835137229	0.
13521.659507839639	0.
13678.232945628584	0.
13836.619418378732	0.
13996.839920045468	0.
14158.915687682762	0.
14322.86820425804	0.
14488.719201499805	0.
14656.49066277808	0.
14826.204826018355	0.
14997.884186649117	0.
15171.55150058368	0.
15347.229787236378	0.
15524.94233257384	0.
15704.712692201438	0.
15886.564694485634	0.
16070.522443712347	0.
16256.61032328199	0.
16444.852998941424	0.
16635.275422053415	0.
16827.902832903903	0.
17022.760764047525	0.
17219.875043692016	0.
17419.271799121612	0.
17620.977460160284	0.
17825.01876267491	0.
18031.422752119142	0.
18240.216787118195	0.
18451.428543095266	0.
18665.08601593982	0.
18881.21752571847	0.
19099.851720428716	0.
19321.01757979627	0.
19544.744419116214	0.
19771.06189313878	0.
20000.	0.