0	333.6449945302891
1	132.2207695036267
2	149.98267145183618
3	168.8635416533724
4	173.4628091879
5	178.09896582602954
6	181.65535905726858
7	181.57477843653794
8	181.26951494866586
9	180.38242340471646
10	180.05235826638034
11	173.58272554157256
12	175.41287914495803
13	169.8333644411598
14	169.4452963461069
15	169.11029167265164
16	163.11889082092623
17	165.8785601228287
18	165.54451547593243
19	161.96117876889213
20	161.21995871258872
21	160.57550578750175
22	156.03789477985552
23	149.87177336509473
24	154.09992033752695
25	154.29358478622038
26	150.79727544538127
27	147.98055722573662
28	146.33409183600165
29	145.28917045418055
30	145.89523799444422
31	142.3476668824365
32	140.61694124124057
33	138.20361537785868
34	138.33078118175678
35	137.1435267394553
36	135.50347357869643
37	132.16380701875326
38	131.38812692363308
39	132.53678414054664
40	128.61204904075757
41	128.94114134807114
42	127.6399621658652
43	120.62246192614325
44	122.41794732274563
45	121.96665777256543
46	119.61713489076978
47	118.27544768863413
48	117.20765455800901
49	116.73082667644
50	115.22035439058178
51	112.64415759079674
52	110.2085586453681
53	110.86462568719361
54	112.43066029494756
55	107.89326769396465
56	106.07409514270954
57	107.29044634231334
58	103.17320234785817
59	103.11627235018932
60	102.84979504049417
61	102.14216303853794
62	98.56386566859683
63	97.4417697286235
64	96.64132083871527
65	95.39571071791029
66	94.96823972415106
67	93.37705048350703
68	94.03408775367957
69	91.51464955682582
70	91.85499723928801
71	88.88016096791277
72	87.83804528334724
73	86.13490792081672
74	84.45775952800011
75	86.23780612509799
76	83.89235628664522
77	82.06807487000982
78	81.06015261177924
79	81.59360505115139
80	80.52802138158506
81	78.69818863629973
82	79.31597695323227
83	78.07378013499897
84	75.93691778324586
85	74.49300624714803
86	73.66736577246508
87	71.83686893553688
88	72.77439133491723
89	70.07868190833439
90	71.64652356318308
91	70.99315919574212
92	69.56007933571445
93	67.2728253091617
94	67.25511506335444
95	66.08283767117013
96	65.05925939424397
97	64.05164939172649
98	63.25687453116255
99	62.0566572128666
100	62.26567866396012
101	61.284558557039844
102	61.45089458086693
103	59.169605121481226
104	57.53806549161787
105	57.574679542504484
106	56.68206822550404
107	57.05570941435741
108	55.967041349492106
109	56.59617831725811
110	55.04392131404593
111	54.81983025450688
112	54.46535023792737
113	53.159794311692025
114	52.09217154105096
115	51.766447669799
116	49.28789790137748
117	49.660740663421294
118	50.14774649529951
119	48.33068743774523
120	47.996188182784465
121	47.440235785989366
122	47.244907047816525
123	46.31873011176164
124	46.92808209415191
125	43.72056732479813
126	44.13609284918658
127	43.40180472088996
128	44.24759184557264
129	42.498456562228235
130	42.1282887600993
131	40.84095692590964
132	41.7992901841514
133	41.20764746965342
134	39.23093799512579
135	39.81251470941354
136	39.431850673739504
137	37.732645903102906
138	38.452171575217044
139	37.24202437645142
140	37.79612763758828
141	35.780618656865215
142	36.45784955308251
143	35.72511927901061
144	35.553743074952834
145	34.414569628780704
146	34.32230218764636
147	33.60174738961523
148	33.13923140500212
149	33.29358286368554
150	32.8996712540198
151	31.80903962032557
152	31.574303576781613
153	30.932356776787046
154	31.08099119516587
155	30.49045909448074
156	29.507076422031503
157	29.51865819246026
158	29.13198061918106
159	28.890824188109917
160	29.4493660111173
161	28.162637953365333
162	27.60135439469333
163	27.364946320835223
164	27.042832838530778
165	26.85313994889198
166	26.355288765525426
167	26.153133817419857
168	25.24230753441195
169	25.720475528664593
170	25.400012083596216
171	24.31784563587324
172	24.557907052230842
173	23.834971035583585
174	23.89478693469669
175	23.414746238417266
176	23.100718682728143
177	22.833505521682984
178	22.47032837995107
179	22.200874884687977
180	22.310012680038906
181	21.603596749804105
182	20.790039313478264
183	21.24093534271659
184	21.176276707223064
185	20.412639096900463
186	20.191603430436153
187	19.843427843591762
188	19.60121434577571
189	19.48130658810224
190	19.057595612679492
191	18.807127663544875
192	18.705475331316656
193	18.22590474299789
194	18.25144842743893
195	17.50724120794333
196	17.332752530453245
197	17.743049307509033
198	17.30991119109265
199	17.329051547976803
200	16.52483080699689
202.31589085197973	16.19307783195981
204.65859845615083	15.716017397898963
207.02843333586878	14.962618999686221
209.42570961017992	14.557386442378444
211.85074503545778	14.43117702563151
214.30386104752128	13.818967631892638
216.78538280424073	13.105019583849185
219.29563922863701	12.995187118753309
221.8349630524802	12.382389099601824
224.40369086039266	11.895806856380132
227.00216313446302	11.658166585372113
229.63072429937657	11.132110910682254
232.28972276806857	10.901216614579525
234.9795109879059	10.382495221062637
237.7004454874037	9.949439273806373
240.4528869234826	9.684337412496083
243.23720012927362	9.199217400733168
246.0537541624763	8.895415800891033
248.902922354277	8.52814410540876
251.78508235883345	8.481116722424026
254.70061620333234	7.95042903968226
257.6499103386268	7.517851833152553
260.6333556904599	7.445241215666299
263.6513477112814	7.10226890050629
266.7042864326648	6.903047677534111
269.7925765183307	6.5082357494528305
272.9166273177849	6.22424582646947
276.0768529205769	6.0086428340198825
279.27367221118755	5.761707514112346
282.50750892455085	5.478464043146152
285.7787917022206	5.174926732677775
289.08795414918546	5.068656210537318
292.4354348913437	4.861153071317481
295.8216776336415	4.5276883808599155
299.2471312188867	4.353080103929874
302.71224968724164	4.270835565818848
306.217492336406	4.03594804048738
309.7633237824963	3.778815524589653
313.3502140216298	3.6304470965682327
316.97863849222273	3.546043410442946
320.6490781380083	3.301871676566802
324.362019471786	3.1502396853812615
328.11795463990785	2.9595207127480463
331.9173814875121	2.7911266202029914
335.76080362451205	2.7411022638341427
339.6487304923489	2.5283079437467686
343.5816774315176	2.4734482370719886
347.56016574987507	2.3119202402469825
351.58472279173856	2.131166373846468
355.65588200778456	2.1182175314040004
359.77418302575757	1.8982533734342877
363.9401717219967	1.8302861935329666
368.1544002937912	1.7565454940720084
372.4174273325735	1.6733565895778677
376.7298178979601	1.541275458790005
381.09214359264945	1.5147736878621314
385.50498263818724	1.3548382618633608
389.96891995160905	1.2886442594547571
394.4845472229707	1.2108913550031855
399.0524629937759	1.1638195793736574
403.67327273631213	1.0951932412289698
408.34758893390585	1.025577370615208
413.0760311621059	0.9398170288512643
417.8592261708079	0.894412289290675
422.69780796732937	0.8445566680212151
427.59241790044643	0.7911165496030111
432.54370474540406	0.7294818255114195
437.55232478991053	0.6763908812248904
442.61894192112754	0.6449464688415817
447.74422771366795	0.5965583123944443
452.92886151861194	0.5612284584745892
458.17353055355466	0.5131447890226656
463.47892999369566	0.4767849313731372
468.8457630639844	0.4534311904960839
474.27474113233103	0.43220434906404975
479.7665838038981	0.3886085758381498
485.32201901648307	0.3591077575751775
490.9417831370061	0.32866965634300854
496.6266210591141	0.32552091618735357
502.377286301916	0.2946958839886051
508.19454110986106	0.27403100085186965
514.0791565537728	0.2506331070708331
520.0319126330545	0.22319944999056607
526.0535983790763	0.21753883077058933
532.145011959762	0.1982504991249926
538.3069607853831	0.1828053964711225
544.5402616155825	0.16509744489193784
550.8457406676332	0.15654100905234383
557.224233725954	0.13988440134807356
563.6765862528907	0.1284365027931704
570.2036535007819	0.11537063589564074
576.8063006253212	0.10691539132630172
583.4854028002334	0.09539282847810365
590.2418453332772	0.08741745219269842
597.0765237835919	0.07838585056993039
603.9903440804032	0.06962401316462177
610.9842226431026	0.0628225864970844
618.0590865027181	0.05528435687295835
625.215873424791	0.049710184227028886
632.4555320336759	0.04472077841646467
639.7790219382796	0.03769384429820568
647.1873138592565	0.0320647889993365
654.6813897576765	0.02895778127471732
662.2622429651823	0.02429235717246922
669.9308783156553	0.021346608439864873
677.6883122784051	0.017286338656545715
685.5355730929008	0.014427206899849152
693.4737009050633	0.0123382939911973
701.503747905136	0.009328561487384637
709.626778467151	0.007664809615615422
717.8438692900105	0.00577390507951816
726.1561095402028	0.004359934216752097
734.5646009961694	0.003210399988494809
743.0704581943452	0.002048830014719117
751.6748085768884	0.0013374373108545512
760.3787926411223	0.000794446427500581
769.183564090707	0.0003551945584702226
778.0902899885612	0.0001142942236269101
787.1001509115548	0.000014535898508793257
796.2143411069944	8.523283238258949e-7
805.4340686509182	0.
814.7605556082254	0.
824.1950381946604	0.
833.7387669406708	0.
843.3930068571644	0.
853.1590376031854	0.
863.0381536555306	0.
873.031664480332	0.
883.1408947066251	0.
893.3671843019264	0.
903.7118887498448	0.
914.1763792297502	0.
924.7620427985206	0.
935.4702825743965	0.
946.3025179229611	0.
957.2601846452768	0.
968.3447351681988	0.
979.5576387368925	0.
990.9003816095807	0.
1002.3744672545447	0.
1013.9814165494086	0.
1025.7227679827297	0.
1037.600077857922	0.
1049.6149204995452	0.
1061.7688884619768	0.
1074.0635927405053	0.
1086.5006629848663	0.
1099.081747715249	0.
1111.8085145408072	0.
1124.6826503806983	0.
1137.705861687683	0.
1150.879874674314	0.
1164.2064355417428	0.
1177.6873107111778	0.
1191.324287058021	0.
1205.1191721487155	0.
1219.0737944803384	0.
1233.1900037229643	0.
1247.4696709648385	0.
1261.9146889603867	0.
1276.5269723810975	0.
1291.3084580693112	0.
1306.261105294945	0.
1321.3868960151922	0.
1336.6878351372295	0.
1352.1659507839638	0.
1367.8232945628586	0.
1383.6619418378727	0.
1399.6839920045468	0.
1415.8915687682756	0.
1432.2868204258039	0.
1448.87192014998	0.
1465.649066277808	0.
1482.620482601835	0.
1499.7884186649117	0.
1517.1551500583676	0.
1534.7229787236379	0.
1552.4942332573835	0.
1570.4712692201435	0.
1588.6564694485633	0.
1607.0522443712346	0.
1625.6610323281986	0.
1644.4852998941424	0.
1663.5275422053421	0.
1682.79028329039	0.
1702.2760764047532	0.
1721.9875043692014	0.
1741.9271799121614	0.
1762.0977460160284	0.
1782.501876267491	0.
1803.1422752119142	0.
1824.0216787118193	0.
1845.1428543095262	0.
1866.5086015939821	0.
1888.1217525718466	0.
1909.9851720428717	0.
1932.1017579796267	0.
1954.4744419116214	0.
1977.1061893138774	0.
2000.	0.
2023.1589085197975	0.
2046.5859845615082	0.
2070.2843333586884	0.
2094.257096101799	0.
2118.5074503545775	0.
2143.0386104752133	0.
2167.853828042407	0.
2192.9563922863704	0.
2218.349630524802	0.
2244.0369086039273	0.
2270.02163134463	0.
2296.3072429937656	0.
2322.8972276806853	0.
2349.7951098790595	0.
2377.0044548740366	0.
2404.5288692348263	0.
2432.3720012927356	0.
2460.5375416247634	0.
2489.02922354277	0.
2517.850823588335	0.
2547.006162033323	0.
2576.4991033862684	0.
2606.3335569045985	0.
2636.5134771128146	0.
2667.0428643266478	0.
2697.925765183308	0.
2729.1662731778492	0.
2760.7685292057704	0.
2792.736722111875	0.
2825.0750892455094	0.
2857.787917022206	0.
2890.8795414918545	0.
2924.3543489134368	0.
2958.2167763364146	0.
2992.471312188867	0.
3027.122496872416	0.
3062.1749233640608	0.
3097.633237824962	0.
3133.502140216299	0.
3169.7863849222267	0.
3206.4907813800837	0.
3243.6201947178597	0.
3281.1795463990793	0.
3319.1738148751215	0.
3357.6080362451216	0.
3396.487304923489	0.
3435.8167743151766	0.
3475.6016574987507	0.
3515.8472279173866	0.
3556.5588200778457	0.
3597.7418302575766	0.
3639.401717219967	0.
3681.5440029379124	0.
3724.174273325735	0.
3767.2981789796017	0.
3810.9214359264947	0.
3855.049826381871	0.
3899.689199516091	0.
3944.8454722297074	0.
3990.5246299377595	0.
4036.7327273631213	0.
4083.4758893390594	0.
4130.760311621058	0.
4178.59226170808	0.
4226.978079673293	0.
4275.924179004464	0.
4325.43704745404	0.
4375.5232478991065	0.
4426.189419211275	0.
4477.44227713668	0.
4529.288615186119	0.
4581.735305535547	0.
4634.789299936957	0.
4688.457630639845	0.
4742.74741132331	0.
4797.665838038982	0.
4853.220190164831	0.
4909.417831370062	0.
4966.26621059114	0.
5023.772863019162	0.
5081.94541109861	0.
5140.7915655377265	0.
5200.319126330544	0.
5260.535983790763	0.
5321.45011959762	0.
5383.069607853831	0.
5445.402616155825	0.
5508.4574066763325	0.
5572.242337259541	0.
5636.765862528907	0.
5702.036535007819	0.
5768.063006253212	0.
5834.854028002335	0.
5902.418453332772	0.
5970.765237835921	0.
6039.9034408040325	0.
6109.842226431028	0.
6180.590865027181	0.
6252.1587342479115	0.
6324.555320336758	0.
6397.790219382798	0.
6471.873138592565	0.
6546.813897576766	0.
6622.622429651822	0.
6699.3087831565545	0.
6776.883122784051	0.
6855.35573092901	0.
6934.737009050633	0.
7015.03747905136	0.
7096.26778467151	0.
7178.438692900103	0.
7261.5610954020285	0.
7345.646009961692	0.
7430.7045819434525	0.
7516.748085768883	0.
7603.787926411225	0.
7691.835640907071	0.
7780.902899885614	0.
7871.001509115548	0.
7962.1434110699465	0.
8054.340686509181	0.
8147.605556082256	0.
8241.950381946604	0.
8337.387669406711	0.
8433.930068571644	0.
8531.590376031854	0.
8630.381536555306	0.
8730.316644803323	0.
8831.408947066251	0.
8933.671843019265	0.
9037.11888749845	0.
9141.763792297503	0.
9247.620427985206	0.
9354.702825743962	0.
9463.025179229611	0.
9572.601846452766	0.
9683.447351681989	0.
9795.576387368923	0.
9909.003816095807	0.
10023.744672545445	0.
10139.814165494088	0.
10257.227679827296	0.
10376.000778579224	0.
10496.149204995452	0.
10617.688884619769	0.
10740.635927405054	0.
10865.006629848667	0.
10990.817477152492	0.
11118.085145408073	0.
11246.826503806982	0.
11377.058616876831	0.
11508.79874674314	0.
11642.064355417431	0.
11776.87310711178	0.
11913.242870580212	0.
12051.191721487156	0.
12190.737944803388	0.
12331.900037229645	0.
12474.696709648382	0.
12619.146889603866	0.
12765.269723810972	0.
12913.084580693112	0.
13062.611052949447	0.
13213.868960151922	0.
13366.87835137229	0.
13521.659507839639	0.
13678.232945628584	0.
13836.619418378732	0.
13996.839920045468	0.
14158.915687682762	0.
14322.86820425804	0.
14488.719201499805	0.
14656.49066277808	0.
14826.204826018355	0.
14997.884186649117	0.
15171.55150058368	0.
15347.229787236378	0.
15524.94233257384	0.
15704.712692201438	0.
15886.564694485634	0.
16070.522443712347	0.
16256.61032328199	0.
16444.852998941424	0.
16635.275422053415	0.
16827.902832903903	0.
17022.760764047525	0.
17219.875043692016	0.
17419.271799121612	0.
17620.977460160284	0.
17825.01876267491	0.
18031.422752119142	0.
18240.216787118195	0.
18451.428543095266	0.
18665.08601593982	0.
18881.21752571847	0.
19099.851720428716	0.
19321.01757979627	0.
19544.744419116214	0.
19771.06189313878	0.
20000.	0.