1.000000000000000000e+01 3.000000000000000031e-32
9.968400000000000816e+00 3.791000000000000195e-42
9.385799999999999699e+00 3.793400000000000190e-42
8.505100000000000549e+00 3.976399999999999779e-42
8.315400000000000347e+00 4.165199999999999567e-42
7.299199999999999910e+00 4.300099999999999689e-42
7.096000000000000085e+00 4.504299999999999655e-42
6.906299999999999883e+00 4.718099999999999600e-42
6.526900000000000368e+00 5.019799999999999984e-42
6.120400000000000063e+00 5.340900000000000750e-42
6.025599999999999845e+00 5.593899999999999757e-42
5.876599999999999824e+00 5.681600000000000410e-42
5.673300000000000232e+00 6.427600000000000434e-42
5.551400000000000112e+00 6.629400000000000405e-42
5.117799999999999905e+00 7.977999999999999501e-42
4.833300000000000374e+00 9.166299999999999381e-42
4.440299999999999692e+00 1.173099999999999999e-41
4.291299999999999670e+00 1.389799999999999853e-41
4.101600000000000357e+00 1.698000000000000010e-41
4.006800000000000139e+00 1.862499999999999980e-41
3.817099999999999937e+00 2.275599999999999817e-41
3.668000000000000149e+00 3.002600000000000054e-41
3.464799999999999880e+00 4.279099999999999481e-41
3.248000000000000220e+00 8.170299999999999069e-41
2.990600000000000147e+00 1.935200000000000004e-40
3.000000000000000000e+00 1.282299999999999946e-38
2.933199999999999807e+00 1.397699999999999963e-38
2.867900000000000116e+00 1.510499999999999791e-38
2.804100000000000037e+00 1.620799999999999829e-38
2.741699999999999804e+00 1.733000000000000136e-38
2.680600000000000094e+00 1.860100000000000088e-38
2.620899999999999785e+00 1.988499999999999742e-38
2.562600000000000211e+00 2.136299999999999760e-38
2.505599999999999827e+00 2.283599999999999871e-38
2.449800000000000200e+00 2.450299999999999824e-38
2.395199999999999996e+00 2.615399999999999922e-38
2.341899999999999871e+00 2.806799999999999969e-38
2.289800000000000058e+00 2.994499999999999878e-38
2.238799999999999901e+00 3.208799999999999890e-38
2.189000000000000057e+00 3.418299999999999553e-38
2.140299999999999869e+00 3.661400000000000087e-38
2.092600000000000016e+00 3.899999999999999904e-38
2.045999999999999819e+00 4.173399999999999634e-38
2.000500000000000167e+00 4.443800000000000451e-38
1.955899999999999972e+00 4.792399999999999370e-38
1.912400000000000100e+00 5.144199999999999044e-38
1.869799999999999907e+00 5.540399999999999327e-38
1.828200000000000047e+00 5.937800000000000220e-38
1.787500000000000089e+00 6.381599999999999257e-38
1.747700000000000031e+00 6.829799999999999136e-38
1.708800000000000097e+00 7.330699999999999834e-38
1.670800000000000063e+00 7.841399999999999939e-38
1.633599999999999941e+00 8.400399999999998978e-38
1.597199999999999953e+00 8.972199999999999990e-38
1.561700000000000088e+00 9.593400000000000670e-38
1.526899999999999924e+00 1.023300000000000164e-37
1.492899999999999894e+00 1.092500000000000067e-37
1.459699999999999998e+00 1.164400000000000191e-37
1.427200000000000024e+00 1.241500000000000171e-37
1.395399999999999974e+00 1.321900000000000260e-37
1.364300000000000068e+00 1.407600000000000080e-37
1.334000000000000075e+00 1.497800000000000201e-37
1.304300000000000015e+00 1.592600000000000081e-37
1.275199999999999889e+00 1.692400000000000063e-37
1.246899999999999897e+00 1.797400000000000317e-37
1.219100000000000072e+00 1.909800000000000221e-37
1.191999999999999948e+00 2.026600000000000339e-37
1.165399999999999991e+00 2.151700000000000250e-37
1.139499999999999957e+00 2.280500000000000195e-37
1.114100000000000090e+00 2.418699999999999829e-37
1.089299999999999935e+00 2.560800000000000086e-37
1.065099999999999936e+00 2.716200000000000237e-37
1.041400000000000103e+00 2.873700000000000305e-37
1.018199999999999994e+00 3.044600000000000145e-37
9.955100000000000060e-01 3.208600000000000136e-37
9.733399999999999830e-01 3.356500000000000344e-37
9.516800000000000814e-01 3.511200000000000522e-37
9.304900000000000393e-01 3.671800000000000528e-37
9.097800000000000331e-01 3.842900000000000122e-37
8.895200000000000884e-01 4.016000000000000590e-37
8.697200000000000486e-01 4.203000000000000632e-37
8.503600000000001158e-01 4.397200000000000151e-37
8.314300000000000024e-01 4.600100000000000641e-37
8.129200000000000870e-01 4.819300000000000251e-37
7.948300000000000365e-01 5.046300000000000270e-37
7.771300000000000985e-01 5.336300000000000317e-37
7.598300000000000054e-01 5.636199999999999854e-37
7.429200000000000248e-01 5.953700000000001086e-37
7.263800000000000257e-01 6.292400000000000410e-37
7.102100000000000080e-01 6.635900000000000499e-37
6.944000000000000172e-01 7.014500000000000759e-37
6.789399999999999880e-01 7.400800000000000716e-37
6.638300000000000312e-01 7.808600000000000901e-37
6.490500000000000158e-01 8.244200000000000231e-37
6.346000000000000529e-01 8.688900000000000038e-37
6.204800000000000315e-01 9.175800000000001288e-37
6.066600000000000881e-01 9.672400000000000605e-37
5.931600000000000206e-01 1.020399999999999854e-36
5.799500000000000766e-01 1.076599999999999911e-36
5.670399999999999885e-01 1.134299999999999956e-36
5.544200000000000239e-01 1.197100000000000062e-36
5.420800000000000063e-01 1.261100000000000027e-36
5.300099999999999811e-01 1.330299999999999929e-36
5.182100000000000595e-01 1.402799999999999941e-36
5.066800000000000193e-01 1.477700000000000001e-36
4.954000000000000070e-01 1.559299999999999822e-36
4.843700000000000228e-01 1.642399999999999965e-36
4.735900000000000110e-01 1.733199999999999973e-36
4.630400000000000071e-01 1.827499999999999676e-36
4.527400000000000313e-01 1.925399999999999953e-36
4.426599999999999979e-01 2.031199999999999848e-36
4.328000000000000735e-01 2.138999999999999616e-36
4.231700000000000461e-01 2.257599999999999771e-36
4.137500000000000622e-01 2.380399999999999761e-36
4.045400000000000107e-01 2.508999999999999618e-36
3.955299999999999927e-01 2.636999999999999880e-36
3.867300000000000182e-01 2.763899999999999828e-36
3.781200000000000117e-01 2.900499999999999848e-36
3.697000000000000286e-01 3.040399999999999809e-36
3.614700000000000135e-01 3.187099999999999741e-36
3.534200000000000119e-01 3.344599999999999726e-36
3.455600000000000338e-01 3.504799999999999390e-36
3.378600000000000492e-01 3.685099999999999337e-36
3.303400000000000225e-01 3.868599999999999349e-36
3.229900000000000548e-01 4.062799999999999871e-36
3.158000000000000251e-01 4.271399999999999349e-36
3.087699999999999889e-01 4.485599999999999275e-36
3.019000000000000572e-01 4.723799999999999689e-36
2.951799999999999979e-01 4.966499999999999567e-36
2.886000000000000232e-01 5.226899999999999346e-36
2.821800000000000419e-01 5.504599999999999519e-36
2.758999999999999786e-01 5.792499999999999815e-36
2.697599999999999998e-01 6.111100000000000025e-36
2.637500000000000400e-01 6.437400000000000433e-36
2.578800000000000536e-01 6.795199999999999769e-36
2.521399999999999753e-01 7.173599999999999774e-36
2.465300000000000269e-01 7.569199999999999962e-36
2.410400000000000320e-01 8.007300000000000888e-36
2.356700000000000184e-01 8.456200000000000530e-36
2.304300000000000237e-01 8.953200000000000690e-36
2.253000000000000280e-01 9.477399999999999398e-36
2.202800000000000036e-01 1.003200000000000073e-35
2.153800000000000159e-01 1.063800000000000085e-35
2.105799999999999894e-01 1.125899999999999919e-35
2.059000000000000274e-01 1.196199999999999936e-35
2.013100000000000167e-01 1.269799999999999961e-35
1.968300000000000050e-01 1.348500000000000049e-35
1.924500000000000099e-01 1.434800000000000123e-35
1.881599999999999939e-01 1.523200000000000216e-35
1.839800000000000324e-01 1.624200000000000147e-35
1.798800000000000121e-01 1.729100000000000149e-35
1.758800000000000086e-01 1.842600000000000108e-35
1.719600000000000017e-01 1.967699999999999936e-35
1.681300000000000017e-01 2.096799999999999911e-35
1.643900000000000083e-01 2.245899999999999826e-35
1.607300000000000118e-01 2.400499999999999977e-35
1.571500000000000119e-01 2.571600000000000038e-35
1.536500000000000088e-01 2.758100000000000495e-35
1.502300000000000024e-01 2.952300000000000215e-35
1.468900000000000206e-01 3.175499999999999873e-35
1.436199999999999977e-01 3.413900000000000040e-35
1.404199999999999893e-01 3.667500000000000182e-35
1.373000000000000054e-01 3.955999999999999739e-35
1.342399999999999982e-01 4.268799999999999614e-35
1.312500000000000056e-01 4.602999999999999973e-35
1.283300000000000274e-01 4.971500000000000354e-35
1.254699999999999982e-01 5.385399999999999435e-35
1.226799999999999974e-01 5.831899999999999630e-35
1.199500000000000011e-01 6.317100000000000034e-35
1.172800000000000092e-01 6.868100000000000457e-35
1.146700000000000080e-01 7.465100000000000043e-35
1.121199999999999974e-01 8.109199999999999910e-35
1.096200000000000091e-01 8.852299999999999767e-35
1.071800000000000114e-01 9.669300000000000283e-35
1.047900000000000081e-01 1.055299999999999804e-34
1.024599999999999955e-01 1.154300000000000008e-34
1.001800000000000052e-01 1.260999999999999903e-34
9.794999999999999540e-02 1.370999999999999940e-34
9.576900000000000690e-02 1.484099999999999857e-34
9.363699999999999801e-02 1.612799999999999845e-34
9.155300000000000937e-02 1.753299999999999855e-34
8.951499999999999735e-02 1.905599999999999888e-34
8.752200000000000257e-02 2.080200000000000085e-34
8.557399999999999729e-02 2.273199999999999734e-34
8.366899999999999338e-02 2.483199999999999999e-34
8.180600000000000371e-02 2.721399999999999691e-34
7.998500000000000054e-02 2.989399999999999618e-34
7.820400000000000962e-02 3.281599999999999732e-34
7.646400000000000419e-02 3.605699999999999725e-34
7.476099999999999413e-02 3.983899999999999736e-34
7.309700000000000919e-02 4.398699999999999886e-34
7.147000000000000575e-02 4.854300000000000318e-34
6.987899999999999667e-02 5.459100000000000259e-34
6.832300000000000872e-02 6.247699999999999376e-34
6.680200000000000027e-02 7.184199999999998977e-34
6.531499999999999806e-02 8.288500000000000795e-34
6.386100000000000110e-02 9.592999999999998841e-34
6.244000000000000244e-02 1.106100000000000193e-33
6.105000000000000704e-02 1.274400000000000049e-33
5.969100000000000100e-02 1.479800000000000076e-33
5.836199999999999721e-02 1.712399999999999892e-33
5.706299999999999567e-02 1.972900000000000091e-33
5.579200000000000131e-02 2.296499999999999965e-33
5.455000000000000127e-02 2.667300000000000100e-33
5.333599999999999453e-02 3.085500000000000031e-33
5.214900000000000091e-02 3.590000000000000358e-33
5.098799999999999860e-02 4.187300000000000144e-33
4.985299999999999454e-02 4.837799999999999906e-33
4.874300000000000160e-02 5.541100000000000575e-33
4.765799999999999897e-02 6.382800000000000584e-33
4.659699999999999953e-02 7.332600000000000863e-33
4.556000000000000327e-02 8.395700000000000253e-33
4.454600000000000226e-02 9.718400000000000739e-33
4.355400000000000243e-02 1.123400000000000042e-32
4.258400000000000379e-02 1.294100000000000091e-32
4.163599999999999940e-02 1.499300000000000037e-32
4.070900000000000213e-02 1.743500000000000248e-32
3.980300000000000504e-02 2.106799999999999817e-32
3.891700000000000020e-02 2.703900000000000273e-32
3.805100000000000149e-02 3.363700000000000174e-32
3.720400000000000096e-02 3.963900000000000221e-32
3.637599999999999861e-02 4.485299999999999686e-32
3.556600000000000039e-02 5.078800000000000451e-32
3.477399999999999936e-02 5.690700000000000249e-32
3.400000000000000244e-02 6.326100000000000444e-32
3.378799999999999859e-02 6.668400000000000397e-32
3.300399999999999862e-02 7.757600000000000220e-32
3.223800000000000276e-02 9.203300000000001350e-32
3.148899999999999616e-02 1.586100000000000110e-31
3.075800000000000062e-02 2.626100000000000442e-31
3.004400000000000126e-02 3.961400000000000369e-31
2.934699999999999809e-02 5.265700000000000564e-31
2.866499999999999951e-02 6.539700000000000291e-31
2.999999999999999889e-02 1.226000000000000130e-30
3.200000000000000067e-02 1.578700000000000095e-30
3.400000000000000244e-02 1.818600000000000252e-30
3.500000000000000333e-02 1.979100000000000210e-30
3.600000000000000422e-02 2.184300000000000232e-30
3.799999999999999906e-02 2.285500000000000134e-30
4.000000000000000083e-02 2.465300000000000424e-30
5.000000000000000278e-02 3.141300000000000508e-30
7.000000000000000666e-02 3.366899999999999773e-30
1.000000000000000056e-01 3.476500000000000332e-30
2.000000000000000111e-01 2.979000000000000360e-30
4.000000000000000222e-01 2.128800000000000074e-30
8.000000000000000444e-01 1.199899999999999992e-30
1.000000000000000000e+00 8.915400000000000194e-31
2.000000000000000000e+00 3.000600000000000372e-31
3.000000000000000000e+00 1.999600000000000085e-31
3.000000000000000000e+00 1.999600000000000085e-31
5.000000000000000000e+00 9.000099999999999895e-32
7.000000000000000000e+00 5.000400000000000717e-32
1.000000000000000000e+01 3.000000000000000031e-32
