-3.836175867712915410e-01 5.935654993395163975e-02 8.917500000000000000e+03
-4.254431421931880730e-01 7.735522347822229583e-02 8.917510030864197688e+03
-4.661864286814715874e-01 9.728592933849579405e-02 8.917520061728393557e+03
-5.057283826328213827e-01 1.191288108683078023e-01 8.917530092592591245e+03
-5.439483841556240762e-01 1.428610860737687116e-01 8.917540123456788933e+03
-5.807241368051975217e-01 1.684567475371250844e-01 8.917550154320984802e+03
-6.159315611138780344e-01 1.958862178983186153e-01 8.917560185185182490e+03
-6.494447067066250190e-01 2.251159563099958960e-01 8.917570216049378359e+03
-6.811356893361225628e-01 2.561080112755343974e-01 8.917580246913576048e+03
-7.108746603826094912e-01 2.888195150472243622e-01 8.917590277777773736e+03
-7.385298182193811289e-01 3.232021150255592890e-01 8.917600308641969605e+03
-7.639674725831829827e-01 3.592013378103430243e-01 8.917610339506167293e+03
-7.870521752626731260e-01 3.967558822050555878e-01 8.917620370370364981e+03
-8.076469329574234024e-01 4.357968388324493514e-01 8.917630401234560850e+03
-8.256135204469572386e-01 4.762468353233149099e-01 8.917640432098758538e+03
-8.408129150046002032e-01 5.180191084155029158e-01 8.917650462962954407e+03
-8.531058757894566247e-01 5.610165077203191908e-01 8.917660493827152095e+03
-8.623536942500481528e-01 6.051304394531232811e-01 8.917670524691349783e+03
-8.684191439892058328e-01 6.502397641410826434e-01 8.917680555555545652e+03
-8.711676599192959003e-01 6.962096684964071969e-01 8.917690586419743340e+03
-8.704687770424901494e-01 7.428905394997943334e-01 8.917700617283941028e+03
-8.661978581181863923e-01 7.901168780260253710e-01 8.917710648148136897e+03
-8.582381362338487030e-01 8.377062998223245849e-01 8.917720679012334585e+03
-8.464830923472796975e-01 8.854586828100845519e-01 8.917730709876530454e+03
-8.308391783358584082e-01 9.331555322423119581e-01 8.917740740740728143e+03
-8.112288825152662586e-01 9.805596463751725667e-01 8.917750771604925831e+03
-7.875941161829995707e-01 1.027415176125435758e+00 8.917760802469121700e+03
-7.598998764219951907e-01 1.073448179481608422e+00 8.917770833333319388e+03
-7.281381122464675171e-01 1.118367774302311268e+00 8.917780864197517076e+03
-6.923316886684072191e-01 1.161867989644909116e+00 8.917790895061712945e+03
-6.525383086369010988e-01 1.203630402756741935e+00 8.917800925925910633e+03
-6.088542177110767284e-01 1.243327625940659376e+00 8.917810956790106502e+03
-5.614174847795456724e-01 1.280627672229963432e+00 8.917820987654304190e+03
-5.104106287155241173e-01 1.315199181070836332e+00 8.917831018518501878e+03
-4.560623495972411789e-01 1.346717427026703495e+00 8.917841049382697747e+03
-3.986481294967156308e-01 1.374870968190170739e+00 8.917851080246895435e+03
-3.384894960134872122e-01 1.399368721826410145e+00 8.917861111111093123e+03
-2.759517927933347603e-01 1.419947190362625289e+00 8.917871141975288992e+03
-2.114403755376348948e-01 1.436377508625684030e+00 8.917881172839486680e+03
-1.453952459552849408e-01 1.448471951671820079e+00 8.917891203703682550e+03
-7.828424039762478526e-02 1.456089539225924767e+00 8.917901234567880238e+03
-1.059499792422025424e-02 1.459140400897922518e+00 8.917911265432077926e+03
5.717397227028744172e-02 1.457588627573756179e+00 8.917921296296273795e+03
1.245227286105268644e-01 1.451453423394827080e+00 8.917931327160471483e+03
1.909594015659761834e-01 1.440808482097040599e+00 8.917941358024669171e+03
2.560093213169813420e-01 1.425779628990220038e+00 8.917951388888865040e+03
3.192233565067810752e-01 1.406540882900798595e+00 8.917961419753062728e+03
3.801851183339449158e-01 1.383309188759180186e+00 8.917971450617258597e+03
4.385167754587657174e-01 1.356338141534838337e+00 8.917981481481456285e+03
4.938833299071028193e-01 1.325911060689447307e+00 8.917991512345653973e+03
5.459953113443891670e-01 1.292333779937206328e+00 8.918001543209849842e+03
5.946099446843855496e-01 1.255927493523476768e+00 8.918011574074047530e+03
6.395309267014656074e-01 1.217021953511475019e+00 8.918021604938245218e+03
6.806070061358839851e-01 1.175949250502469345e+00 8.918031635802441087e+03
7.177295960852869694e-01 1.133038342056284842e+00 8.918041666666638775e+03
7.508296602142928711e-01 1.088610425276043792e+00 8.918051697530834645e+03
7.798741082836073701e-01 1.042975188435941281e+00 8.918061728395032333e+03
8.048619155733157671e-01 9.964279261009663102e-01 8.918071759259230021e+03
8.258201516312657642e-01 9.492474626300225760e-01 8.918081790123425890e+03
8.428000691104446940e-01 9.016948026358559964e-01 8.918091820987623578e+03
8.558733684654860063e-01 8.540124110279241343e-01 8.918101851851821266e+03
8.651287208405076257e-01 8.064240192402162277e-01 8.918111882716017135e+03
8.706686019391710607e-01 7.591348553491085172e-01 8.918121913580214823e+03
8.726064648331058882e-01 7.123322019717950315e-01 8.918131944444410692e+03
8.710642597648428076e-01 6.661861956647239236e-01 8.918141975308608380e+03
8.661702940155499020e-01 6.208507929914218737e-01 8.918152006172806068e+03
8.580574142306351959e-01 5.764648402955424578e-01 8.918162037037001937e+03
8.468614866016516141e-01 5.331531960551304516e-01 8.918172067901199625e+03
8.327201463579034790e-01 4.910278655383274460e-01 8.918182098765397313e+03
8.157717862799749309e-01 4.501891168040292324e-01 8.918192129629593182e+03
7.961547540895875796e-01 4.107265557436369785e-01 8.918202160493790871e+03
7.740067297536886715e-01 3.727201444176161949e-01 8.918212191357986740e+03
7.494642556870617645e-01 3.362411525112511956e-01 8.918222222222184428e+03
7.226623955113301578e-01 3.013530365040291148e-01 8.918232253086382116e+03
6.937344994303498158e-01 2.681122440471164214e-01 8.918242283950577985e+03
6.628120571189893839e-01 2.365689439011479656e-01 8.918252314814775673e+03
6.300246216452447534e-01 2.067676835774545641e-01 8.918262345678973361e+03
5.954997902872950499e-01 1.787479779670942681e-01 8.918272376543169230e+03
5.593632302532558498e-01 1.525448330239078387e-01 8.918282407407366918e+03
5.217387395814565565e-01 1.281892092431439756e-01 8.918292438271562787e+03
4.827483347342628739e-01 1.057084294524816837e-01 8.918302469135760475e+03
4.425123585975602736e-01 8.512653591500428385e-02 8.918312499999958163e+03
4.011496031362867809e-01 6.646460105467821844e-02 8.918322530864154032e+03
3.587774425878939577e-01 4.974099623831136630e-02 8.918332561728351720e+03
3.155119740423187880e-01 3.497162265363885914e-02 8.918342592592549408e+03
2.714681624987135833e-01 2.217010774244941237e-02 8.918352623456745278e+03
2.267599887239000744e-01 1.134797053448231147e-02 8.918362654320942966e+03
1.815005985223173135e-01 2.514758691135216082e-03 8.918372685185138835e+03
1.358024523786417470e-01 -4.321840332981064133e-03 8.918382716049336523e+03
8.977747498414309635e-02 -9.155911946724638872e-03 8.918392746913534211e+03
4.353720414675596451e-02 -1.198324927347336685e-02 8.918402777777730080e+03
-2.807060842616510097e-03 -1.280130889575407070e-02 8.918412808641927768e+03
-4.914411146729798924e-02 -1.160918662239064994e-02 8.918422839506125456e+03
-9.536268281246135237e-02 -8.407612744403193672e-03 8.918432870370321325e+03
-1.413513067247794130e-01 -3.198966609117200391e-03 8.918442901234519013e+03
-1.869981650595561040e-01 4.012689263997542416e-03 8.918452932098714882e+03
-2.321909431979634342e-01 1.322155498847689403e-02 8.918462962962912570e+03
-2.768166834869775772e-01 2.442001806195935945e-02 8.918472993827110258e+03
-3.207616390332000966e-01 3.759855578526975078e-02 8.918483024691306127e+03
-3.639111280182454888e-01 5.274561361613017835e-02 8.918493055555503815e+03
