-7.610545791540196392e-01 5.718595859107723500e-01 8.978500000000000000e+03
-7.708249079980025176e-01 6.112246288422784612e-01 8.978510030864197688e+03
-7.777640138654307034e-01 6.514865551258963716e-01 8.978520061728393557e+03
-7.817595830554763259e-01 6.925228286474945927e-01 8.978530092592591245e+03
-7.827039699993653121e-01 7.341990859028362237e-01 8.978540123456788933e+03
-7.804955798841183290e-01 7.763684510647596015e-01 8.978550154320984802e+03
-7.750404633544910604e-01 8.188709367206895573e-01 8.978560185185182490e+03
-7.662541311787143261e-01 8.615329706936827314e-01 8.978570216049378359e+03
-7.540635898866477893e-01 9.041670964952794876e-01 8.978580246913576048e+03
-7.384095902219567353e-01 9.465719005603016045e-01 8.978590277777773736e+03
-7.192490684539278867e-01 9.885322248357949482e-01 8.978600308641969605e+03
-6.965577462584574553e-01 1.029819726187236606e+00 8.978610339506167293e+03
-6.703328381733711927e-01 1.070193844302044672e+00 8.978620370370364981e+03
-6.405957968369787592e-01 1.109403236405422710e+00 8.978630401234560850e+03
-6.073950067786866303e-01 1.147187728206385593e+00 8.978640432098758538e+03
-5.708083180971268433e-01 1.183280816542327640e+00 8.978650462962954407e+03
-5.309452940863735870e-01 1.217412738651656445e+00 8.978660493827152095e+03
-4.879490343063734858e-01 1.249314095766063337e+00 8.978670524691349783e+03
-4.419974278867800921e-01 1.278719986594266222e+00 8.978680555555545652e+03
-3.933036948182473402e-01 1.305374569162219389e+00 8.978690586419743340e+03
-3.421160866865667338e-01 1.329035930939007182e+00 8.978700617283941028e+03
-2.887166439976883714e-01 1.349481110185678734e+00 8.978710648148136897e+03
-2.334189451934198800e-01 1.366511079717717791e+00 8.978720679012334585e+03
-1.765648317948008417e-01 1.379955481796823813e+00 8.978730709876530454e+03
-1.185201500978686207e-01 1.389676893999487017e+00 8.978740740740728143e+03
-5.966961113977290593e-02 1.395574412332543535e+00 8.978750771604925831e+03
-4.109277622433382226e-04 1.397586362049417108e+00 8.978760802469121700e+03
5.885156115048128384e-02 1.395691986606061752e+00 8.978770833333319388e+03
1.177135319947145015e-01 1.389912019160644663e+00 8.978780864197517076e+03
1.757773171245352595e-01 1.380308103827170063e+00 8.978790895061712945e+03
2.326582778789173800e-01 1.366981099807926370e+00 8.978800925925910633e+03
2.879906631304676168e-01 1.350068364383094632e+00 8.978810956790106502e+03
3.414327438765520362e-01 1.329740164464052743e+00 8.978820987654304190e+03
3.926710646346375233e-01 1.306195406644536927e+00 8.978831018518501878e+03
4.414237110445379253e-01 1.279656899356233390e+00 8.978841049382697747e+03
4.874425528973134192e-01 1.250366367565056924e+00 8.978851080246895435e+03
5.305144789232689728e-01 1.218579431101399768e+00 8.978861111111093123e+03
5.704616884383570952e-01 1.184560735333178627e+00 8.978871141975288992e+03
6.071411428047143177e-01 1.148579391204173961e+00 8.978881172839486680e+03
6.404433054659087743e-01 1.110904844583878059e+00 8.978891203703682550e+03
6.702903132130640929e-01 1.071803255985573244e+00 8.978901234567880238e+03
6.966337234944900425e-01 1.031534435407291062e+00 8.978911265432077926e+03
7.194519767403960708e-01 9.903493440183714913e-01 8.978921296296273795e+03
7.387476994549601050e-01 9.484881477955759976e-01 8.978931327160471483e+03
7.545449566903722483e-01 9.061787876593989655e-01 8.978941358024669171e+03
7.668865432564396789e-01 8.636360163052507755e-01 8.978951388888865040e+03
7.758313832858507730e-01 8.210608435649342507e-01 8.978961419753062728e+03
7.814520891491105736e-01 7.786403285307045286e-01 8.978971450617258597e+03
7.838327139884889716e-01 7.365476567567011967e-01 8.978981481481456285e+03
7.830667177278289870e-01 6.949424442282253755e-01 8.978991512345653973e+03
7.792551547124154654e-01 6.539712145448124403e-01 8.979001543209849842e+03
7.725050818920824458e-01 6.137680020765977629e-01 8.979011574074047530e+03
7.629281796479524536e-01 5.744550405091551903e-01 8.979021604938245218e+03
7.506395725302431599e-01 5.361435025671313914e-01 8.979031635802441087e+03
7.357568341728168981e-01 4.989342633839629060e-01 8.979041666666638775e+03
7.183991589600113858e-01 4.629186654402606682e-01 8.979051697530834645e+03
6.986866823731395781e-01 4.281792680608325075e-01 8.979061728395032333e+03
6.767399323249617682e-01 3.947905691688276542e-01 8.979071759259230021e+03
6.526793943677806631e-01 3.628196901944724662e-01 8.979081790123425890e+03
6.266251749201714460e-01 3.323270183473708839e-01 8.979091820987623578e+03
5.986967480541495190e-01 3.033668028426774743e-01 8.979101851851821266e+03
5.690127727880156527e-01 2.759877034533542162e-01 8.979111882716017135e+03
5.376909692677535046e-01 2.502332911862890641e-01 8.979121913580214823e+03
5.048480438596618658e-01 2.261425021185515805e-01 8.979131944444410692e+03
4.705996543131426013e-01 2.037500459442788958e-01 8.979141975308608380e+03
4.350604075911196356e-01 1.830867714493134291e-01 8.979152006172806068e+03
3.983438839600226822e-01 1.641799913078280382e-01 8.979162037037001937e+03
3.605626819888113066e-01 1.470537687883705091e-01 8.979172067901199625e+03
3.218284802444603132e-01 1.317291690722520170e-01 8.979182098765397313e+03
2.822521117112115063e-01 1.182244775483210220e-01 8.979192129629593182e+03
2.419436481600220623e-01 1.065553875919095644e-01 8.979202160493790871e+03
2.010124920491481448e-01 9.673516000900504730e-02 8.979212191357986740e+03
1.595674739440364753e-01 8.877475609949422863e-02 8.979222222222184428e+03
1.177169540279793675e-01 8.268294610265441991e-02 8.979232253086382116e+03
7.556892634517958784e-02 7.846639446891529035e-02 8.979242283950577985e+03
3.323112500902322686e-02 7.612972319799138354e-02 8.979252314814775673e+03
-9.188868465338721758e-03 7.567555414442550532e-02 8.979262345678973361e+03
-5.158351737018101318e-02 7.710453094255427520e-02 8.979272376543169230e+03
-9.384522200574064998e-02 8.041532092785687313e-02 8.979282407407366918e+03
-1.358662122742034795e-01 8.560459712213264183e-02 8.979292438271562787e+03
-1.775384414225271434e-01 9.266700010261376408e-02 8.979302469135760475e+03
-2.187534812144779073e-01 1.015950792598563218e-01 8.979312499999958163e+03
-2.594024193270639822e-01 1.123792126811477554e-01 8.979322530864154032e+03
-2.993757598939575937e-01 1.250075046498525244e-01 8.979332561728351720e+03
-3.385633280537204137e-01 1.394656593985323656e-01 8.979342592592549408e+03
-3.768541800747930437e-01 1.557368295915911027e-01 8.979352623456745278e+03
-4.141365206030809265e-01 1.738014376566331398e-01 8.979362654320942966e+03
-4.502976293081524251e-01 1.936369679394983334e-01 8.979372685185138835e+03
-4.852237995631341061e-01 2.152177274042068877e-01 8.979382716049336523e+03
-5.188002924282955064e-01 2.385145724238801612e-01 8.979392746913534211e+03
-5.509113100445831579e-01 2.634945991723273151e-01 8.979402777777730080e+03
-5.814399932621407974e-01 2.901207950431756721e-01 8.979412808641927768e+03
-6.102684493245730257e-01 3.183516486187035754e-01 8.979422839506125456e+03
-6.372778165091697034e-01 3.481407159288499309e-01 8.979432870370321325e+03
-6.623483739119137015e-01 3.794361412523918342e-01 8.979442901234519013e+03
-6.853597056257932918e-01 4.121801310772858495e-01 8.979452932098714882e+03
-7.061909303317189801e-01 4.463083811611366913e-01 8.979462962962912570e+03
-7.247210083727519958e-01 4.817494574083592829e-01 8.979472993827110258e+03
-7.408291402152467064e-01 5.184241334136090451e-01 8.979483024691306127e+03
-7.543952713838227853e-01 5.562446894372008455e-01 8.979493055555503815e+03
