-6.327198155413569225e-01 2.628455367810912380e-01 8.947500000000000000e+03
-6.625635024843807841e-01 2.933221437554716648e-01 8.947510030864197688e+03
-6.904618668179262064e-01 3.254346421059701178e-01 8.947520061728393557e+03
-7.162874952921873817e-01 3.591308594132761045e-01 8.947530092592591245e+03
-7.399116568540917704e-01 3.943523230991216599e-01 8.947540123456788933e+03
-7.612045071633063431e-01 4.310335857964497364e-01 8.947550154320984802e+03
-7.800353797789257859e-01 4.691014892330162556e-01 8.947560185185182490e+03
-7.962731812006691445e-01 5.084743681865216969e-01 8.947570216049378359e+03
-8.097869090505254164e-01 5.490611986728441973e-01 8.947580246913576048e+03
-8.204463145553185788e-01 5.907606976403128041e-01 8.947590277777773736e+03
-8.281227322417369363e-01 6.334603857936261795e-01 8.947600308641969605e+03
-8.326901008125912051e-01 6.770356300858502152e-01 8.947610339506167293e+03
-8.340261995433887465e-01 7.213486885375985924e-01 8.947620370370364981e+03
-8.320141237124677458e-01 7.662477875301112462e-01 8.947630401234560850e+03
-8.265440200503542112e-01 8.115662694546744715e-01 8.947640432098758538e+03
-8.175150987324931728e-01 8.571218576370075448e-01 8.947650462962954407e+03
-8.048379312305602440e-01 9.027160951448959247e-01 8.947660493827152095e+03
-7.884370331784591457e-01 9.481340226641958857e-01 8.947670524691349783e+03
-7.682537175366997984e-01 9.931441696749129244e-01 8.947680555555545652e+03
-7.442491859233575369e-01 1.037498938924082292e+00 8.947690586419743340e+03
-7.164078046002811950e-01 1.080935467779560843e+00 8.947700617283941028e+03
-6.847404870631675911e-01 1.123177048321927218e+00 8.947710648148136897e+03
-6.492880781915680855e-01 1.163935180388927959e+00 8.947720679012334585e+03
-6.101246075806677771e-01 1.202912315966065737e+00 8.947730709876530454e+03
-5.673602534377035767e-01 1.239805329432914771e+00 8.947740740740728143e+03
-5.211438375117601884e-01 1.274309714055680054e+00 8.947750771604925831e+03
-4.716646584573744305e-01 1.306124462700523070e+00 8.947760802469121700e+03
-4.191534696686206041e-01 1.334957541157407501e+00 8.947770833333319388e+03
-3.638824218349063222e-01 1.360531808584782620e+00 8.947780864197517076e+03
-3.061638212229916833e-01 1.382591186871666267e+00 8.947790895061712945e+03
-2.463476044097687445e-01 1.400906833680483077e+00 8.947800925925910633e+03
-1.848174954454236962e-01 1.415283039938200593e+00 8.947810956790106502e+03
-1.219858893306381975e-01 1.425562556573619410e+00 8.947820987654304190e+03
-5.828759028469113201e-02 1.431631062011013977e+00 8.947831018518501878e+03
5.827385612051647241e-03 1.433420513883530534e+00 8.947841049382697747e+03
6.990166246583107146e-02 1.430911183982016777e+00 8.947851080246895435e+03
1.334786787800343322e-01 1.424132251067084187e+00 8.947861111111093123e+03
1.961108255225033903e-01 1.413160914544642877e+00 8.947871141975288992e+03
2.573671927242826563e-01 1.398120084136490471e+00 8.947881172839486680e+03
3.168406001839697561e-01 1.379174787262977153e+00 8.947891203703682550e+03
3.741536447549593802e-01 1.356527507787686382e+00 8.947901234567880238e+03
4.289635692855028881e-01 1.330412721256118536e+00 8.947911265432077926e+03
4.809658425447396746e-01 1.301090918195853430e+00 8.947921296296273795e+03
5.298964220002895242e-01 1.268842409350168454e+00 8.947931327160471483e+03
5.755327474041596059e-01 1.233961186870562887e+00 8.947941358024669171e+03
6.176935763854946027e-01 1.196749077885695067e+00 8.947951388888865040e+03
6.562378181838993685e-01 1.157510378815676866e+00 8.947961419753062728e+03
6.910625497014397656e-01 1.116547105076429069e+00 8.947971450617258597e+03
7.221004087642827196e-01 1.074154937542598276e+00 8.947981481481456285e+03
7.493165554935425909e-01 1.030619898815029689e+00 8.947991512345653973e+03
7.727053779460908434e-01 9.862157512050839792e-01 8.948001543209849842e+03
7.922870956138930998e-01 9.412020766740585298e-01 8.948011574074047530e+03
8.081043879788631923e-01 8.958229764166758535e-01 8.948021604938245218e+03
8.202191478319266205e-01 8.503063135646893311e-01 8.948031635802441087e+03
8.287094322778606470e-01 8.048634164780886779e-01 8.948041666666638775e+03
8.336666604705571526e-01 7.596891594817918314e-01 8.948051697530834645e+03
8.351930865719299213e-01 7.149623414862027460e-01 8.948061728395032333e+03
8.333995595102485776e-01 6.708462904080219058e-01 8.948071759259230021e+03
8.284035681766616088e-01 6.274896293124884172e-01 8.948081790123425890e+03
8.203275610282743102e-01 5.850271498383794455e-01 8.948091820987623578e+03
8.092975225106179282e-01 5.435807477183896008e-01 8.948101851851821266e+03
7.954417845909450557e-01 5.032603838708615829e-01 8.948111882716017135e+03
7.788900495942754354e-01 4.641650426408265862e-01 8.948121913580214823e+03
7.597725999675876141e-01 4.263836657379536099e-01 8.948131944444410692e+03
7.382196710343172930e-01 3.899960461929246613e-01 8.948141975308608380e+03
7.143609641636082808e-01 3.550736718154576255e-01 8.948152006172806068e+03
6.883252794067930003e-01 3.216805113612959399e-01 8.948162037037001937e+03
6.602402487104460649e-01 2.898737398995156478e-01 8.948172067901199625e+03
6.302321529545472645e-01 2.597044022840258037e-01 8.948182098765397313e+03
5.984258079640231154e-01 2.312180152193961113e-01 8.948192129629593182e+03
5.649445068907538170e-01 2.044551099958051010e-01 8.948202160493790871e+03
5.299100080297874937e-01 1.794517186014398802e-01 8.948212191357986740e+03
4.934425587559382320e-01 1.562398064755635974e-01 8.948222222222184428e+03
4.556609481048298771e-01 1.348476556942651006e-01 8.948232253086382116e+03
4.166825814170454501e-01 1.153002021499485719e-01 8.948242283950577985e+03
3.766235718836941082e-01 9.761933046651664891e-02 8.948252314814775673e+03
3.355988448391871160e-01 8.182413021332221592e-02 8.948262345678973361e+03
2.937222513817144276e-01 6.793111669462399693e-02 8.948272376543169230e+03
2.511066885686601413e-01 5.595441932852043831e-02 8.948282407407366918e+03
2.078642243101514187e-01 4.590594041909453610e-02 8.948292438271562787e+03
1.641062252493980800e-01 3.779548667705634468e-02 8.948302469135760475e+03
1.199434865830264901e-01 3.163087559933739495e-02 8.948312499999958163e+03
7.548636290514335045e-02 2.741801842594799449e-02 8.948322530864154032e+03
3.084489948103416937e-02 2.516098108780828735e-02 8.948332561728351720e+03
-1.387103616963241554e-02 2.486202422555157387e-02 8.948342592592549408e+03
-5.855162301173387485e-02 2.652162297201593813e-02 8.948352623456745278e+03
-1.030869554588746406e-01 3.013846692893079257e-02 8.948362654320942966e+03
-1.473669127079488550e-01 3.570944038696274164e-02 8.948372685185138835e+03
-1.912810286782196112e-01 4.322958252759635106e-02 8.948382716049336523e+03
-2.347183626498632603e-01 5.269202699696304282e-02 8.948392746913534211e+03
-2.775673710883684309e-01 6.408791994454339502e-02 8.948402777777730080e+03
-3.197157809600269518e-01 7.740631522463284342e-02 8.948412808641927768e+03
-3.610504653700815081e-01 9.263404515850585941e-02 8.948422839506125456e+03
-4.014573226112659876e-01 1.097555649333641636e-01 8.948432870370321325e+03
-4.408211599635954991e-01 1.287527683379441068e-01 8.948442901234519013e+03
-4.790255840591215453e-01 1.496047721763774374e-01 8.948452932098714882e+03
-5.159529005127887480e-01 1.722876665566314414e-01 8.948462962962912570e+03
-5.514840256654189865e-01 1.967742277152737806e-01 8.948472993827110258e+03
-5.854984145956582120e-01 2.230335900419964101e-01 8.948483024691306127e+03
-6.178740102209412388e-01 2.510308736665909923e-01 8.948493055555503815e+03
