1.452452186402464873e+00 -4.193678763835438916e-01 8.796500000000000000e+03
1.406255098466810960e+00 -4.703956196285412061e-01 8.796510030864197688e+03
1.357871426078666399e+00 -5.188287060008266449e-01 8.796520061728393557e+03
1.307444135931287166e+00 -5.647432217941640298e-01 8.796530092592591245e+03
1.255105277771303651e+00 -6.082048739631811252e-01 8.796540123456788933e+03
1.200977959252353067e+00 -6.492702945854974539e-01 8.796550154320984802e+03
1.145177953609759491e+00 -6.879881958539740827e-01 8.796560185185182490e+03
1.087815012242476786e+00 -7.244003888692809312e-01 8.796570216049378359e+03
1.028993939168786786e+00 -7.585426798971034446e-01 8.796580246913576048e+03
9.688154729100109108e-01 -7.904456570917461899e-01 8.796590277777773736e+03
9.073770118152917341e-01 -8.201353800417126028e-01 8.796600308641969605e+03
8.447732115910905337e-01 -8.476339833432275928e-01 8.796610339506167293e+03
7.810964786305194529e-01 -8.729602039854112983e-01 8.796620370370364981e+03
7.164373774914001292e-01 -8.961298415435257070e-01 8.796630401234560850e+03
6.508849681306241308e-01 -9.171561586955218059e-01 8.796640432098758538e+03
5.845270851578849847e-01 -9.360502288211003385e-01 8.796650462962954407e+03
5.174505692381059507e-01 -9.528212364441609461e-01 8.796660493827152095e+03
4.497414594249612430e-01 -9.674767353473032738e-01 8.796670524691349783e+03
3.814851530025074600e-01 -9.800228686723853055e-01 8.796680555555545652e+03
3.127665391482725155e-01 -9.904645544254119249e-01 8.796690586419743340e+03
2.436701111876079240e-01 -9.988056393892683626e-01 8.796700617283941028e+03
1.742800619427992970e-01 -1.005049023823273657e+00 8.796710648148136897e+03
1.046803657887664385e-01 -1.009196758912138003e+00 8.796720679012334585e+03
3.495485091035762520e-02 -1.011250118447065027e+00 8.796730709876530454e+03
-3.481273532579916286e-02 -1.011209645846567584e+00 8.796740740740728143e+03
-1.045386647961714932e-01 -1.009075177228427433e+00 8.796750771604925831e+03
-1.741391683721879857e-01 -1.004845840900992160e+00 8.796760802469121700e+03
-2.435303742838799412e-01 -9.985200332539034829e-01 8.796770833333319388e+03
-3.126282420657081618e-01 -9.900953707161033179e-01 8.796780864197517076e+03
-3.813484895949080244e-01 -9.795686170470484511e-01 8.796790895061712945e+03
-4.496065100184791774e-01 -9.669355848579374024e-01 8.796800925925910633e+03
-5.173172750501086048e-01 -9.521910098917726328e-01 8.796810956790106502e+03
-5.843952210250873414e-01 -9.353283961053628914e-01 8.796820987654304190e+03
-6.507541131715949279e-01 -9.163398291866480250e-01 8.796831018518501878e+03
-7.163068832716730228e-01 -8.952157555241940790e-01 8.796841049382697747e+03
-7.809654344430538853e-01 -8.719447231998832537e-01 8.796851080246895435e+03
-8.446404060924537216e-01 -8.465130808271117413e-01 8.796861111111093123e+03
-9.072408905358747555e-01 -8.189046293473321025e-01 8.796871141975288992e+03
-9.686740910038733610e-01 -7.891002210760983404e-01 8.796881172839486680e+03
-1.028844908099442401e+00 -7.570772996042792746e-01 8.796891203703682550e+03
-1.087655439969592130e+00 -7.228093727075516339e-01 8.796901234567880238e+03
-1.145004376594989770e+00 -6.862654099654469375e-01 8.796911265432077926e+03
-1.200786265281854170e+00 -6.474091551136443856e-01 8.796921296296273795e+03
-1.254890617866989633e+00 -6.061983425128493197e-01 8.796931327160471483e+03
-1.307200823416012181e+00 -5.625838058566976496e-01 8.796941358024669171e+03
-1.357592820929947486e+00 -5.165084664696497629e-01 8.796951388888865040e+03
-1.405933474468460842e+00 -4.679061885946139698e-01 8.796961419753062728e+03
-1.452078578365598283e+00 -4.167004895525383001e-01 8.796971450617258597e+03
-1.495870400854185878e+00 -3.628030949557404239e-01 8.796981481481456285e+03
-1.537134649341242776e+00 -3.061123344794152712e-01 8.796991512345653973e+03
-1.575676709137857179e+00 -2.465113827344818653e-01 8.797001543209849842e+03
-1.611276966852700276e+00 -1.838663659456022392e-01 8.797011574074047530e+03
-1.643684977903659528e+00 -1.180243825688419707e-01 8.797021604938245218e+03
-1.672612173115219258e+00 -4.881152971140523267e-02 8.797031635802441087e+03
-1.697722719264017632e+00 2.396890233255846714e-02 8.797041666666638775e+03
-1.718622051982096277e+00 1.005377931905995087e-01 8.797051697530834645e+03
-1.734842489561837287e+00 1.811406654764051438e-01 8.797061728395032333e+03
-1.745825220834440250e+00 2.660465493949332738e-01 8.797071759259230021e+03
-1.750897863962798118e+00 3.555441081467458075e-01 8.797081790123425890e+03
-1.749246765215566990e+00 4.499332676975761336e-01 8.797091820987623578e+03
-1.739883350507726689e+00 5.495096693409282640e-01 8.797101851851821266e+03
-1.721604350470574474e+00 6.545379302338382166e-01 8.797111882716017135e+03
-1.692946941070284206e+00 7.652078683851496477e-01 8.797121913580214823e+03
-1.652142368865644473e+00 8.815655383075448048e-01 8.797131944444410692e+03
-1.597076388577097550e+00 1.003408470284062659e+00 8.797141975308608380e+03
-1.525273081940165421e+00 1.130133001848400820e+00 8.797152006172806068e+03
-1.433931541894101214e+00 1.260523654891057443e+00 8.797162037037001937e+03
-1.320062268049587706e+00 1.392485268944574139e+00 8.797172067901199625e+03
-1.180787035916897487e+00 1.522746012577022245e+00 8.797182098765397313e+03
-1.013867449451701042e+00 1.646611250791479630e+00 8.797192129629593182e+03
-8.184839791473561554e-01 1.757920960129461641e+00 8.797202160493790871e+03
-5.961648209033508783e-01 1.849420528964931254e+00 8.797212191357986740e+03
-3.515660419635568967e-01 1.913712330954686847e+00 8.797222222222184428e+03
-9.264026719108932328e-02 1.944724562288038028e+00 8.797232253086382116e+03
1.701872083690771642e-01 1.939255801621949660e+00 8.797242283950577985e+03
4.257706584020215512e-01 1.897903742935260318e+00 8.797252314814775673e+03
6.642922840613185720e-01 1.824884647546623606e+00 8.797262345678973361e+03
8.787724724940607635e-01 1.726843672030400123e+00 8.797272376543169230e+03
1.065568297518146190e+00 1.611265743595877042e+00 8.797282407407366918e+03
1.223965791983104623e+00 1.485137780124214490e+00 8.797292438271562787e+03
1.355310507067899461e+00 1.354183897032363415e+00 8.797302469135760475e+03
1.462103739866083441e+00 1.222644209216476652e+00 8.797312499999958163e+03
1.547297756874195906e+00 1.093400072719872274e+00 8.797322530864154032e+03
1.613843336099729076e+00 9.682478920217991725e-01 8.797332561728351720e+03
1.664447546651996790e+00 8.481922348972998904e-01 8.797342592592549408e+03
1.701473973177715759e+00 7.336970593684429831e-01 8.797352623456745278e+03
1.726926216772473488e+00 6.248776553663898392e-01 8.797362654320942966e+03
1.742473529986902747e+00 5.216372154036155173e-01 8.797372685185138835e+03
1.749493627398023055e+00 4.237593065597873299e-01 8.797382716049336523e+03
1.749119092145125842e+00 3.309680826981674095e-01 8.797392746913534211e+03
1.742280818402323295e+00 2.429660994982222599e-01 8.797402777777730080e+03
1.729745879338889347e+00 1.594571232511355907e-01 8.797412808641927768e+03
1.712149253962463202e+00 8.015915324356334692e-02 8.797422839506125456e+03
1.690019799265904954e+00 4.811209498305512623e-03 8.797432870370321325e+03
1.663801222650287848e+00 -6.682375670254217526e-02 8.797442901234519013e+03
1.633868886359979067e+00 -1.349582929916772756e-01 8.797452932098714882e+03
1.600543219589216193e+00 -1.997812317580841546e-01 8.797462962962912570e+03
1.564100408765373151e+00 -2.614592084762044633e-01 8.797472993827110258e+03
1.524780921391237998e+00 -3.201385263395614689e-01 8.797483024691306127e+03
1.482796313056038873e+00 -3.759471321904837571e-01 8.797493055555503815e+03
