1.173713177421708220e+00 1.795727037374410529e-01 8.978500000000000000e+03
1.143638071841676318e+00 1.267278917637577051e-01 8.978510030864197688e+03
1.110532791397147001e+00 7.616881277105098935e-02 8.978520061728393557e+03
1.074596338492891157e+00 2.791702793949565539e-02 8.978530092592591245e+03
1.036017036960351412e+00 -1.801142574126682327e-02 8.978540123456788933e+03
9.949734930061554516e-01 -6.160484339436721885e-02 8.978550154320984802e+03
9.516355206302707925e-01 -1.028548867885434870e-01 8.978560185185182490e+03
9.061650183844970341e-01 -1.417558068715529807e-01 8.978570216049378359e+03
8.587167895775277282e-01 -1.783038217883209653e-01 8.978580246913576048e+03
8.094393027082896763e-01 -2.124966223288059231e-01 8.978590277777773736e+03
7.584753914354204207e-01 -2.443329815747428968e-01 8.978600308641969605e+03
7.059628956162877778e-01 -2.738124491432115115e-01 8.978610339506167293e+03
6.520352463508179985e-01 -3.009351137166080825e-01 8.978620370370364981e+03
5.968219984830533953e-01 -3.257014205261080653e-01 8.978630401234560850e+03
5.404493150059853646e-01 -3.481120325265600890e-01 8.978640432098758538e+03
4.830404077057738332e-01 -3.681677262044034116e-01 8.978650462962954407e+03
4.247159383925274700e-01 -3.858693145875336517e-01 8.978660493827152095e+03
3.655943855782025076e-01 -4.012175912173903125e-01 8.978670524691349783e+03
3.057923806388321286e-01 -4.142132902670488948e-01 8.978680555555545652e+03
2.454250178126902993e-01 -4.248570587578985314e-01 8.978690586419743340e+03
1.846061422304731969e-01 -4.331494376705019578e-01 8.978700617283941028e+03
1.234486198422228426e-01 -4.390908494703086307e-01 8.978710648148136897e+03
6.206459288915659039e-02 -4.426815901259419928e-01 8.978720679012334585e+03
5.657249643572591748e-04 -4.439218241520360153e-01 8.978730709876530454e+03
-6.093656127407312550e-02 -4.428115817301837009e-01 8.978740740740728143e+03
-1.223308495641689392e-01 -4.393507572926386717e-01 8.978750771604925831e+03
-1.835054958102083078e-01 -4.335391093853336875e-01 8.978760802469121700e+03
-2.443483903977812233e-01 -4.253762619430581093e-01 8.978770833333319388e+03
-3.047467132750085739e-01 -4.148617075661785725e-01 8.978780864197517076e+03
-3.645866787279845589e-01 -4.019948136886040690e-01 8.978790895061712945e+03
-4.237532658034687816e-01 -3.867748330406193813e-01 8.978800925925910633e+03
-4.821299305945089264e-01 -3.692009202974898541e-01 8.978810956790106502e+03
-5.395982965488829164e-01 -3.492721573361391996e-01 8.978820987654304190e+03
-5.960378185272823259e-01 -3.269875902637976450e-01 8.978831018518501878e+03
-6.513254165353448144e-01 -3.023462820666358852e-01 8.978841049382697747e+03
-7.053350744341265743e-01 -2.753473858386936701e-01 8.978851080246895435e+03
-7.579373992023196172e-01 -2.459902445734013510e-01 8.978861111111093123e+03
-8.089991362009703035e-01 -2.142745248617541620e-01 8.978871141975288992e+03
-8.583826357823254316e-01 -1.802003935679616919e-01 8.978881172839486680e+03
-9.059452668123805230e-01 -1.437687485645805785e-01 8.978891203703682550e+03
-9.515387735320701701e-01 -1.049815166718846421e-01 8.978901234567880238e+03
-9.950085723110292379e-01 -6.384203519595324505e-02 8.978911265432077926e+03
-1.036192986760898105e+00 -2.035553632808233260e-02 8.978921296296273795e+03
-1.074922421259468130e+00 2.547024223962424810e-02 8.978931327160471483e+03
-1.111018475850658715e+00 7.362429269135851995e-02 8.978941358024669171e+03
-1.144293009642308956e+00 1.240913857347263477e-01 8.978951388888865040e+03
-1.174547165309587582e+00 1.768508940186822587e-01 8.978961419753062728e+03
-1.201570375001404178e+00 2.318753456707491889e-01 8.978971450617258597e+03
-1.225139378369284771e+00 2.891286571513399517e-01 8.978981481481456285e+03
-1.245017296855790212e+00 3.485639880989772066e-01 8.978991512345653973e+03
-1.260952826259409854e+00 4.101211558302271243e-01 8.979001543209849842e+03
-1.272679632060337074e+00 4.737235435129774075e-01 8.979011574074047530e+03
-1.279916060288028401e+00 5.392744359646007846e-01 8.979021604938245218e+03
-1.282365311315893486e+00 6.066527230885438993e-01 8.979031635802441087e+03
-1.279716264766863842e+00 6.757079246872320644e-01 8.979041666666638775e+03
-1.271645190416503368e+00 7.462545177362485127e-01 8.979051697530834645e+03
-1.257818629973530333e+00 8.180655916927173088e-01 8.979061728395032333e+03
-1.237897783920177908e+00 8.908659242768249831e-01 8.979071759259230021e+03
-1.211544778404085587e+00 9.643246675854361127e-01 8.979081790123425890e+03
-1.178431208010919384e+00 1.038047964339789297e+00 8.979091820987623578e+03
-1.138249334557843273e+00 1.111571980607334531e+00 8.979101851851821266e+03
-1.090726247965019713e+00 1.184357040444941944e+00 8.979111882716017135e+03
-1.035641137543401147e+00 1.255783765791592899e+00 8.979121913580214823e+03
-9.728455560272184499e-01 1.325152333704184171e+00 8.979131944444410692e+03
-9.022861655933049896e-01 1.391686119172796943e+00 8.979141975308608380e+03
-8.240289369705670053e-01 1.454541029860021650e+00 8.979152006172806068e+03
-7.382831614771867557e-01 1.512821685282038198e+00 8.979162037037001937e+03
-6.454230105626115321e-01 1.565605172977357018e+00 8.979172067901199625e+03
-5.460038673178704283e-01 1.611972384041096662e+00 8.979182098765397313e+03
-4.407704252184149185e-01 1.651045908796126449e+00 8.979192129629593182e+03
-3.306537786551679292e-01 1.682032266749429184e+00 8.979202160493790871e+03
-2.167555338321945357e-01 1.704265067648913279e+00 8.979212191357986740e+03
-1.003183502683521050e-01 1.717244836682312537e+00 8.979222222222184428e+03
1.731588320173994139e-02 1.720670976206172265e+00 8.979232253086382116e+03
1.347571602412917791e-01 1.714461870850878311e+00 8.979242283950577985e+03
2.506231434006715997e-01 1.698760473453164277e+00 8.979252314814775673e+03
3.635942030549225157e-01 1.673924611509108429e+00 8.979262345678973361e+03
4.724624172903478803e-01 1.640503324419912312e+00 8.979272376543169230e+03
5.761702763098806024e-01 1.599202323919454383e+00 8.979282407407366918e+03
6.738365035187162677e-01 1.550842799009190864e+00 8.979292438271562787e+03
7.647682989146303845e-01 1.496318096803457287e+00 8.979302469135760475e+03
8.484610181543486007e-01 1.436552362725622256e+00 8.979312499999958163e+03
9.245875371398596387e-01 1.372464244088988705e+00 8.979322530864154032e+03
9.929801946726530826e-01 1.304937549051421675e+00 8.979332561728351720e+03
1.053608294845531201e+00 1.234799579834232830e+00 8.979342592592549408e+03
1.106553829384439691e+00 1.162806907997968375e+00 8.979352623456745278e+03
1.151987521981498785e+00 1.089637715252841810e+00 8.979362654320942966e+03
1.190146664651257513e+00 1.015889480796799749e+00 8.979372685185138835e+03
1.221315623785793170e+00 9.420807021657114921e-01 8.979382716049336523e+03
1.245809407206584396e+00 8.686554141105808924e-01 8.979392746913534211e+03
1.263960325744669877e+00 7.959894456470734125e-01 8.979402777777730080e+03
1.276107547939303366e+00 7.243975711774737203e-01 8.979412808641927768e+03
1.282589214071158112e+00 6.541409264996908002e-01 8.979422839506125456e+03
1.283736719903841195e+00 5.854342516950553632e-01 8.979432870370321325e+03
1.279870776633498686e+00 5.184526796442696650e-01 8.979442901234519013e+03
1.271298881295204186e+00 4.533379105822625821e-01 8.979452932098714882e+03
1.258313876066188719e+00 3.902037003502991097e-01 8.979462962962912570e+03
1.241193325065192088e+00 3.291406517901697693e-01 8.979472993827110258e+03
1.220199486719102833e+00 2.702203368878960399e-01 8.979483024691306127e+03
1.195579705027238537e+00 2.134988008917849678e-01 8.979493055555503815e+03
