1.318300000000000027e-02 5.533864999999999412e+01
1.415199999999999965e-02 5.798460000000000036e+01
1.512200000000000003e-02 6.064635260949485485e+01
1.609100000000000114e-02 6.341035000000000110e+01
1.706099999999999978e-02 6.612974999999998715e+01
1.803000000000000089e-02 6.821549999999999159e+01
1.899999999999999953e-02 7.030699999999998795e+01
1.996900000000000064e-02 7.252875000000000227e+01
2.093899999999999928e-02 7.472090645733794645e+01
2.190800000000000039e-02 7.595960000000000889e+01
2.287799999999999903e-02 7.709060000000000912e+01
2.384700000000000014e-02 7.821412752827019688e+01
2.481700000000000225e-02 7.918903333333334160e+01
2.578700000000000089e-02 8.012736666666665997e+01
2.675600000000000200e-02 8.109286019385322675e+01
2.772600000000000064e-02 8.321080000000000609e+01
2.869500000000000176e-02 8.576449999999999818e+01
2.966500000000000040e-02 8.829360842986206137e+01
3.063400000000000151e-02 8.829100000000001103e+01
3.160400000000000015e-02 8.690200000000000102e+01
3.257299999999999779e-02 8.553171236461759008e+01
3.354300000000000337e-02 8.501901999999999759e+01
3.451200000000000101e-02 8.523268000000000200e+01
3.548199999999999965e-02 8.544548000000000343e+01
3.645100000000000423e-02 8.565913999999999362e+01
3.742100000000000287e-02 8.587293999999999983e+01
3.839000000000000051e-02 8.584324999999999761e+01
3.935999999999999915e-02 8.545600000000000307e+01
4.032999999999999780e-02 8.506874999999999432e+01
4.129900000000000237e-02 8.468042499999999961e+01
4.226900000000000102e-02 8.416885999999999513e+01
4.323799999999999866e-02 8.333572000000000912e+01
4.420799999999999730e-02 8.250151999999999930e+01
4.517700000000000188e-02 8.166737999999999431e+01
4.614700000000000052e-02 8.083317999999999870e+01
4.711599999999999816e-02 7.982992073664524924e+01
4.808599999999999680e-02 7.768970000000000198e+01
4.905500000000000138e-02 7.553725000000000023e+01
5.002500000000000002e-02 7.338508333333332700e+01
5.099399999999999766e-02 7.123163333333333469e+01
5.196399999999999630e-02 6.908046666666666624e+01
5.293300000000000088e-02 6.713417884833404514e+01
5.390299999999999953e-02 6.565469999999999118e+01
5.487299999999999817e-02 6.444715714285715080e+01
5.584200000000000275e-02 6.324009999999999110e+01
5.681200000000000139e-02 6.203145714285714263e+01
5.778099999999999903e-02 6.082370000000000232e+01
5.875099999999999767e-02 5.961645714285714348e+01
5.972000000000000225e-02 5.841577665219599425e+01
6.069000000000000089e-02 5.764919637844010936e+01
6.165899999999999853e-02 5.702139999999999986e+01
6.262900000000000411e-02 5.641534285714285346e+01
6.359800000000000175e-02 5.580859999999999843e+01
6.456800000000000039e-02 5.520164285714285057e+01
6.553700000000001191e-02 5.459479999999999933e+01
6.650700000000001055e-02 5.398884285714284914e+01
6.747700000000000919e-02 5.340975139450504372e+01
6.844599999999999296e-02 5.284485000000000099e+01
6.941599999999999160e-02 5.228440000000000509e+01
7.038500000000000312e-02 5.172517500000000013e+01
7.135500000000000176e-02 5.116482500000000755e+01
7.232399999999999940e-02 5.060549999999999926e+01
7.329399999999999804e-02 5.004505000000000337e+01
7.426300000000000956e-02 4.948582499999999840e+01
7.523300000000000820e-02 4.896677286367962267e+01
7.620200000000000584e-02 4.847125555555555820e+01
7.717200000000000448e-02 4.799533333333333474e+01
7.814100000000000212e-02 4.752059999999999462e+01
7.911100000000000076e-02 4.704577777777777925e+01
8.007999999999999841e-02 4.657104444444444624e+01
8.104999999999999705e-02 4.609522222222221899e+01
8.201999999999999569e-02 4.562019999999999698e+01
8.298900000000000721e-02 4.514556666666666729e+01
8.395900000000000585e-02 4.470264283779274450e+01
8.492800000000000349e-02 4.427644000000000091e+01
8.589800000000000213e-02 4.388664000000000698e+01
8.686699999999999977e-02 4.349716000000000093e+01
8.783699999999999841e-02 4.310746000000000322e+01
8.880599999999999605e-02 4.271788000000000096e+01
8.977599999999999469e-02 4.232818000000000325e+01
9.074500000000000621e-02 4.193869999999999720e+01
9.171500000000000485e-02 4.154890000000000327e+01
9.268400000000000249e-02 4.115841999999999956e+01
9.365400000000000114e-02 4.076111460407971521e+01
9.462300000000001265e-02 4.036093627466186717e+01
9.559300000000001130e-02 3.994364999999999810e+01
9.656300000000000994e-02 3.952624999999999744e+01
9.753199999999999370e-02 3.910810000000000031e+01
9.850199999999999234e-02 3.869069999999999965e+01
9.947100000000000386e-02 3.827254999999999541e+01
1.004400000000000015e-01 3.785539999999999594e+01
1.014100000000000001e-01 3.743699999999999761e+01
1.023799999999999988e-01 3.701970000000000027e+01
1.033499999999999974e-01 3.660230000000000672e+01
1.043199999999999961e-01 3.618399999999999750e+01
1.052900000000000086e-01 3.576659999999999684e+01
1.062600000000000072e-01 3.538550169841379756e+01
1.072300000000000059e-01 3.502979284263898307e+01
1.082000000000000045e-01 3.468087692307692294e+01
1.091700000000000031e-01 3.433721538461538358e+01
1.101400000000000018e-01 3.399255384615384656e+01
1.111100000000000004e-01 3.364889230769230011e+01
1.120799999999999991e-01 3.330523076923076786e+01
1.130400000000000155e-01 3.296284615384615080e+01
1.140100000000000141e-01 3.261818461538461378e+01
1.149800000000000127e-01 3.227452307692308153e+01
1.159500000000000114e-01 3.193086153846153863e+01
1.169200000000000100e-01 3.158729999999999905e+01
1.178900000000000087e-01 3.124273846153845824e+01
1.188600000000000073e-01 3.093308905241837081e+01
1.198300000000000060e-01 3.062823397968116979e+01
1.208000000000000046e-01 3.034142857142856897e+01
1.217700000000000032e-01 3.006849285714285713e+01
1.227400000000000019e-01 2.979445714285714786e+01
1.237100000000000005e-01 2.952142142857142915e+01
1.246800000000000130e-01 2.924758571428571230e+01
1.256500000000000117e-01 2.897405000000000186e+01
1.266200000000000103e-01 2.870041428571428455e+01
1.275900000000000090e-01 2.842687857142857055e+01
1.285600000000000076e-01 2.815324285714285324e+01
1.295300000000000062e-01 2.787970714285713925e+01
1.305000000000000049e-01 2.760607142857143259e+01
1.314700000000000035e-01 2.733243571428571528e+01
1.324400000000000022e-01 2.707862700055781602e+01
1.334000000000000186e-01 2.683730538671441579e+01
1.343700000000000172e-01 2.659796470588235451e+01
1.353400000000000158e-01 2.638464117647058771e+01
1.363100000000000145e-01 2.617131764705882091e+01
1.372800000000000131e-01 2.595799411764705766e+01
1.382500000000000118e-01 2.574457058823529110e+01
1.392200000000000104e-01 2.553134705882352407e+01
1.401900000000000091e-01 2.531792352941176460e+01
1.411600000000000077e-01 2.510470000000000113e+01
1.421300000000000063e-01 2.489127647058823101e+01
1.431000000000000050e-01 2.467805294117646753e+01
1.440700000000000036e-01 2.446462941176470807e+01
1.450400000000000023e-01 2.425130588235294127e+01
1.460100000000000009e-01 2.403798235294117447e+01
1.469799999999999995e-01 2.382465882352941122e+01
1.479499999999999982e-01 2.361123529411764821e+01
1.489199999999999968e-01 2.339801176470588118e+01
1.498899999999999955e-01 2.318458823529411816e+01
1.508600000000000219e-01 2.300166223778755636e+01
1.518300000000000205e-01 2.282128431001359203e+01
1.528000000000000191e-01 2.264091111111110877e+01
1.537700000000000178e-01 2.246093888888888657e+01
1.547300000000000064e-01 2.228180555555555387e+01
1.557000000000000051e-01 2.210183333333333522e+01
1.566700000000000037e-01 2.192186111111111302e+01
1.576400000000000023e-01 2.174198888888889059e+01
1.586100000000000287e-01 2.156201666666666483e+01
1.595800000000000274e-01 2.138204444444444263e+01
1.605500000000000260e-01 2.120217222222222020e+01
1.615200000000000247e-01 2.102230000000000132e+01
1.624900000000000233e-01 2.084232777777777557e+01
1.634600000000000219e-01 2.066235555555555337e+01
1.644300000000000206e-01 2.048238333333333472e+01
1.654000000000000192e-01 2.030251111111110873e+01
1.663700000000000179e-01 2.012253888888889009e+01
1.673400000000000165e-01 1.994256666666666433e+01
1.683100000000000152e-01 1.979035901584586554e+01
1.692800000000000138e-01 1.964335239307510861e+01
1.702500000000000124e-01 1.949634577030435167e+01
1.712200000000000111e-01 1.935337000000000174e+01
1.721900000000000097e-01 1.921281500000000264e+01
1.731600000000000084e-01 1.907215999999999667e+01
1.741300000000000070e-01 1.893160499999999757e+01
1.750899999999999956e-01 1.879146499999999875e+01
1.760599999999999943e-01 1.865090999999999966e+01
1.770299999999999929e-01 1.851035500000000056e+01
1.779999999999999916e-01 1.836959999999999837e+01
1.789699999999999902e-01 1.822904499999999928e+01
1.799399999999999888e-01 1.808849000000000018e+01
1.809099999999999875e-01 1.794783499999999776e+01
1.818799999999999861e-01 1.780717999999999890e+01
1.828499999999999848e-01 1.766662499999999980e+01
1.838199999999999834e-01 1.752606999999999715e+01
1.847899999999999820e-01 1.738541500000000184e+01
1.857600000000000084e-01 1.724485999999999919e+01
1.867300000000000071e-01 1.710420500000000033e+01
1.877000000000000057e-01 1.697236238985733792e+01
1.886700000000000044e-01 1.684522126574660561e+01
1.896400000000000030e-01 1.671798014163587709e+01
1.906100000000000294e-01 1.659119130434782363e+01
1.915800000000000280e-01 1.646886086956521567e+01
1.925500000000000267e-01 1.634663043478260747e+01
1.935200000000000253e-01 1.622439999999999927e+01
1.944900000000000240e-01 1.610206956521739130e+01
1.954600000000000226e-01 1.597983913043477955e+01
1.964199999999999835e-01 1.585803478260869603e+01
1.973899999999999821e-01 1.573570434782608629e+01
1.983600000000000085e-01 1.561337391304347832e+01
1.993300000000000072e-01 1.549114347826086657e+01
2.003000000000000058e-01 1.536881304347826038e+01
2.012700000000000045e-01 1.524658260869565041e+01
2.022400000000000031e-01 1.512435217391304221e+01
2.032100000000000017e-01 1.500202173913043424e+01
2.041800000000000004e-01 1.487979130434782427e+01
2.051499999999999990e-01 1.475756086956521784e+01
2.061199999999999977e-01 1.463533043478260787e+01
2.070899999999999963e-01 1.451300000000000168e+01
2.080599999999999949e-01 1.439076956521738992e+01
2.090299999999999936e-01 1.427009415448957164e+01
2.099999999999999922e-01 1.416352670287376903e+01
2.109699999999999909e-01 1.405685925125796665e+01
2.119399999999999895e-01 1.395019179964216605e+01
2.129099999999999882e-01 1.384533076923076855e+01
2.138799999999999868e-01 1.375668461538461607e+01
2.148499999999999854e-01 1.366783846153846227e+01
2.158199999999999841e-01 1.357909230769230646e+01
2.167800000000000005e-01 1.349065384615384566e+01
2.177499999999999991e-01 1.340190769230769163e+01
2.187199999999999978e-01 1.331306153846153784e+01
2.196899999999999964e-01 1.322431538461538558e+01
2.206599999999999950e-01 1.313556923076922978e+01
2.216299999999999937e-01 1.304682307692307575e+01
2.225999999999999923e-01 1.295797692307692373e+01
2.235699999999999910e-01 1.286933076923076769e+01
2.245399999999999896e-01 1.278048461538461211e+01
2.255099999999999882e-01 1.269173846153846164e+01
2.264799999999999869e-01 1.260299230769230938e+01
2.274499999999999855e-01 1.251424615384615358e+01
2.284199999999999842e-01 1.242539999999999978e+01
2.293899999999999828e-01 1.233665384615384575e+01
2.303600000000000092e-01 1.224790769230769172e+01
2.313300000000000078e-01 1.215916153846153769e+01
2.323000000000000065e-01 1.207031538461538389e+01
2.332700000000000051e-01 1.198166923076922963e+01
2.342400000000000038e-01 1.189561218271302145e+01
2.352100000000000024e-01 1.181012203193946775e+01
2.361800000000000010e-01 1.172433188116591296e+01
2.371499999999999997e-01 1.163864173039235972e+01
2.381100000000000161e-01 1.156045862068965491e+01
2.390800000000000147e-01 1.149134137931034338e+01
2.400500000000000134e-01 1.142212413793103387e+01
2.410200000000000120e-01 1.135280689655172282e+01
2.419900000000000106e-01 1.128368965517241307e+01
2.429600000000000093e-01 1.121447241379310356e+01
2.439300000000000079e-01 1.114515517241379250e+01
2.449000000000000066e-01 1.107603793103448275e+01
2.458700000000000052e-01 1.100682068965517324e+01
2.468400000000000039e-01 1.093750344827586218e+01
2.478100000000000025e-01 1.086838620689655244e+01
2.487800000000000011e-01 1.079916896551724115e+01
2.497499999999999998e-01 1.072985172413793187e+01
2.507199999999999984e-01 1.066073448275861857e+01
2.516900000000000248e-01 1.059151724137930906e+01
2.526599999999999957e-01 1.052229999999999954e+01
2.536300000000000221e-01 1.045308275862069003e+01
2.545999999999999930e-01 1.038386551724137874e+01
2.555700000000000194e-01 1.031464827586206923e+01
2.565400000000000458e-01 1.024543103448275616e+01
2.575100000000000167e-01 1.017621379310344665e+01
2.584700000000000331e-01 1.010724827586206942e+01
2.594400000000000039e-01 1.003803103448275813e+01
2.604100000000000303e-01 9.968813793103446841e+00
2.613800000000000012e-01 9.899596551724139104e+00
2.623500000000000276e-01 9.830379310344826038e+00
2.633199999999999985e-01 9.761162068965518301e+00
2.642900000000000249e-01 9.691944827586205236e+00
2.652599999999999958e-01 9.622727586206895722e+00
2.662300000000000222e-01 9.565793606447918762e+00
2.671999999999999931e-01 9.511854257823859626e+00
2.681700000000000195e-01 9.458014909199800258e+00
2.691399999999999904e-01 9.404075560575737569e+00
2.701100000000000168e-01 9.350136211951676657e+00
2.710799999999999876e-01 9.297496969696968705e+00
2.720500000000000140e-01 9.245566666666666933e+00
2.730199999999999849e-01 9.193536363636363618e+00
2.739900000000000113e-01 9.141506060606058526e+00
2.749599999999999822e-01 9.089475757575758763e+00
2.759300000000000086e-01 9.037545454545455215e+00
2.768999999999999795e-01 8.985515151515150123e+00
2.778700000000000059e-01 8.933484848484848584e+00
2.788399999999999768e-01 8.881554545454546812e+00
2.797999999999999932e-01 8.829709090909091174e+00
2.807699999999999640e-01 8.777578787878788091e+00
2.817399999999999904e-01 8.725548484848484776e+00
2.827099999999999613e-01 8.673618181818181228e+00
2.836799999999999877e-01 8.621587878787877912e+00
2.846499999999999586e-01 8.569557575757576373e+00
2.856199999999999850e-01 8.517527272727271281e+00
2.865899999999999559e-01 8.465596969696971286e+00
2.875599999999999823e-01 8.413666666666665961e+00
2.885299999999999532e-01 8.361536363636362879e+00
2.894999999999999796e-01 8.309606060606061106e+00
2.904700000000000060e-01 8.257575757575757791e+00
2.914399999999999769e-01 8.205545454545454476e+00
2.924100000000000588e-01 8.153415151515151393e+00
2.933799999999999741e-01 8.101484848484847845e+00
2.943500000000000560e-01 8.049454545454544530e+00
2.953200000000000269e-01 7.997424242424242991e+00
2.962900000000000533e-01 7.945493939393939442e+00
2.972600000000000242e-01 7.897986500193925785e+00
2.982300000000000506e-01 7.851532251447617128e+00
2.992000000000000215e-01 7.805178002701310902e+00
3.001600000000000379e-01 7.758985137962696399e+00
3.011300000000000088e-01 7.712530889216388630e+00
3.021000000000000352e-01 7.666683333333332406e+00
3.030700000000000061e-01 7.625041666666667162e+00
3.040400000000000325e-01 7.583399999999999253e+00
3.050100000000000033e-01 7.541658333333332465e+00
3.059800000000000297e-01 7.499916666666666565e+00
3.069500000000000006e-01 7.458374999999999311e+00
3.079200000000000270e-01 7.416733333333333178e+00
3.088899999999999979e-01 7.374991666666667278e+00
3.098600000000000243e-01 7.333349999999998481e+00
3.108299999999999952e-01 7.291608333333333469e+00
3.118000000000000216e-01 7.249866666666666681e+00
3.127699999999999925e-01 7.208425000000000971e+00
3.137400000000000189e-01 7.166683333333333294e+00
3.147099999999999898e-01 7.124941666666667395e+00
3.156800000000000161e-01 7.083300000000000374e+00
3.166499999999999870e-01 7.041558333333332698e+00
3.176200000000000134e-01 6.999916666666666565e+00
3.185899999999999843e-01 6.958375000000001087e+00
3.195600000000000107e-01 6.916633333333333411e+00
3.205299999999999816e-01 6.874891666666667511e+00
3.214899999999999980e-01 6.833391666666667419e+00
3.224599999999999689e-01 6.791750000000000398e+00
3.234299999999999953e-01 6.750008333333333610e+00
3.243999999999999662e-01 6.708466666666667244e+00
3.253699999999999926e-01 6.666724999999999568e+00
3.263399999999999634e-01 6.624983333333332780e+00
3.273099999999999898e-01 6.583451666666666924e+00
3.282799999999999607e-01 6.541730000000001155e+00
3.292499999999999871e-01 6.500008333333332722e+00
3.302200000000000135e-01 6.458386666666665832e+00
3.311899999999999844e-01 6.416985479134272197e+00
3.321600000000000108e-01 6.379829673981795679e+00
3.331299999999999817e-01 6.342573868829317618e+00
3.341000000000000081e-01 6.305528063676839601e+00
3.350699999999999790e-01 6.268272258524362428e+00
3.360400000000000054e-01 6.231116453371885022e+00
3.370099999999999763e-01 6.193870648219407471e+00
3.379800000000000026e-01 6.162116341463414138e+00
3.389499999999999735e-01 6.132563170731707203e+00
3.399199999999999999e-01 6.102919999999999234e+00
3.408899999999999708e-01 6.073366829268293188e+00
3.418500000000000427e-01 6.043928536585364775e+00
3.428200000000000136e-01 6.014275365853658073e+00
3.437900000000000400e-01 5.984732195121949871e+00
3.447600000000000109e-01 5.955089024390243679e+00
3.457300000000000373e-01 5.925535853658534968e+00
3.467000000000000082e-01 5.895992682926828543e+00
3.476700000000000346e-01 5.866339512195120953e+00
3.486400000000000055e-01 5.836796341463414528e+00
3.496100000000000319e-01 5.807243170731706705e+00
3.505800000000000027e-01 5.777600000000000513e+00
3.515500000000000291e-01 5.747946829268292035e+00
3.525200000000000000e-01 5.718503658536585377e+00
3.534900000000000264e-01 5.688850487804877787e+00
3.544599999999999973e-01 5.659207317073170707e+00
3.554300000000000237e-01 5.629714146341463277e+00
3.563999999999999946e-01 5.600100975609755949e+00
3.573700000000000210e-01 5.570477804878049000e+00
3.583399999999999919e-01 5.540864634146341672e+00
3.593100000000000183e-01 5.511331463414633980e+00
3.602799999999999891e-01 5.481718292682927540e+00
3.612500000000000155e-01 5.452095121951218815e+00
3.622200000000000419e-01 5.422581951219512142e+00
3.631800000000000028e-01 5.393073658536584603e+00
3.641499999999999737e-01 5.363450487804878541e+00
3.651200000000000001e-01 5.333937317073170092e+00
3.660899999999999710e-01 5.304314146341464031e+00
3.670599999999999974e-01 5.274690975609756194e+00
3.680299999999999683e-01 5.245167804878049012e+00
3.689999999999999947e-01 5.215554634146340796e+00
3.699700000000000211e-01 5.186109570971563443e+00
3.709399999999999920e-01 5.157315438865727408e+00
3.719100000000000183e-01 5.128511306759890864e+00
3.728799999999999892e-01 5.099707174654054320e+00
3.738500000000000156e-01 5.070903042548217776e+00
3.748199999999999865e-01 5.042198910442380999e+00
3.757900000000000129e-01 5.013394778336544455e+00
3.767599999999999838e-01 4.984957826086956700e+00
3.777300000000000102e-01 4.963309130434782723e+00
3.786999999999999811e-01 4.941550434782608470e+00
3.796700000000000075e-01 4.919791739130434216e+00
3.806399999999999784e-01 4.898033043478261739e+00
3.816100000000000048e-01 4.876284347826087107e+00
3.825799999999999756e-01 4.854625652173913508e+00
3.835400000000000476e-01 4.832928695652173090e+00
3.845100000000000184e-01 4.811180000000000234e+00
3.854800000000000448e-01 4.789421304347825981e+00
3.864500000000000157e-01 4.767772608695652004e+00
3.874200000000000421e-01 4.746003913043478128e+00
3.883900000000000130e-01 4.724255217391304384e+00
3.893600000000000394e-01 4.702496521739130131e+00
3.903300000000000103e-01 4.680847826086957042e+00
3.913000000000000367e-01 4.659079130434783167e+00
3.922700000000000076e-01 4.637330434782608535e+00
3.932400000000000340e-01 4.615571739130434281e+00
3.942100000000000048e-01 4.593813043478260916e+00
3.951800000000000312e-01 4.572154347826086429e+00
3.961500000000000021e-01 4.550395652173912175e+00
3.971200000000000285e-01 4.528646956521739320e+00
3.980899999999999994e-01 4.506888260869565954e+00
3.990600000000000258e-01 4.485239565217391089e+00
4.000299999999999967e-01 4.463470869565217214e+00
4.010000000000000231e-01 4.441722173913044358e+00
4.019700000000000495e-01 4.419963478260869216e+00
4.029400000000000204e-01 4.398304782608695618e+00
4.039100000000000468e-01 4.376546086956522252e+00
4.048700000000000077e-01 4.354859130434782344e+00
4.058399999999999785e-01 4.333110434782608600e+00
4.068100000000000049e-01 4.311351739130434346e+00
4.077799999999999758e-01 4.289693043478260748e+00
4.087500000000000022e-01 4.267934347826086494e+00
4.097200000000000286e-01 4.246185652173913638e+00
4.106899999999999995e-01 4.224426956521738497e+00
4.116600000000000259e-01 4.202758260869564388e+00
4.126299999999999968e-01 4.181009565217391533e+00
4.136000000000000232e-01 4.159250869565216391e+00
4.145699999999999941e-01 4.137502173913043535e+00
4.155400000000000205e-01 4.115833478260869427e+00
4.165099999999999913e-01 4.094084782608696571e+00
4.174800000000000177e-01 4.072326086956521429e+00
4.184499999999999886e-01 4.050577391304347685e+00
4.194200000000000150e-01 4.028808695652173810e+00
4.203899999999999859e-01 4.007149999999999324e+00
4.213600000000000123e-01 3.988444114362641457e+00
4.223299999999999832e-01 3.971452745084275815e+00
4.233000000000000096e-01 3.954441375805910042e+00
4.242699999999999805e-01 3.937440006527545222e+00
4.252300000000000524e-01 3.920396280231431607e+00
4.262000000000000233e-01 3.903384910953065834e+00
4.271700000000000497e-01 3.886383541674701014e+00
4.281400000000000206e-01 3.869382172396335307e+00
4.291100000000000469e-01 3.852934705882353317e+00
4.300800000000000178e-01 3.836739215686274296e+00
4.310500000000000442e-01 3.820643725490195930e+00
4.320200000000000151e-01 3.804558235294118074e+00
4.329900000000000415e-01 3.788462745098039264e+00
4.339600000000000124e-01 3.772377254901960519e+00
4.349300000000000388e-01 3.756281764705882598e+00
4.359000000000000097e-01 3.740186274509804232e+00
4.368700000000000361e-01 3.724000784313725720e+00
4.378400000000000070e-01 3.707915294117647420e+00
4.388100000000000334e-01 3.691809803921568989e+00
4.397800000000000042e-01 3.675724313725490688e+00
4.407500000000000306e-01 3.659638823529411944e+00
4.417200000000000570e-01 3.643543333333333134e+00
4.426900000000000279e-01 3.627447843137254324e+00
4.436600000000000543e-01 3.611362352941176024e+00
4.446300000000000252e-01 3.595166862745097891e+00
4.456000000000000516e-01 3.579081372549019591e+00
4.465600000000000125e-01 3.563040784313725506e+00
4.475299999999999834e-01 3.546945294117647141e+00
4.485000000000000098e-01 3.530859803921567952e+00
4.494700000000000362e-01 3.514764313725490030e+00
4.504400000000000071e-01 3.498668823529412109e+00
4.514100000000000334e-01 3.482583333333333364e+00
4.523800000000000043e-01 3.466397843137254853e+00
4.533500000000000307e-01 3.450292352941175977e+00
4.543200000000000016e-01 3.434206862745098121e+00
4.552900000000000280e-01 3.418121372549019821e+00
4.562599999999999989e-01 3.402025882352941011e+00
4.572300000000000253e-01 3.385930392156862201e+00
4.581999999999999962e-01 3.369844901960784345e+00
4.591700000000000226e-01 3.353649411764705768e+00
4.601399999999999935e-01 3.337563921568627023e+00
4.611100000000000199e-01 3.321468431372549102e+00
4.620799999999999907e-01 3.305372941176471180e+00
4.630500000000000171e-01 3.289287450980391991e+00
4.640199999999999880e-01 3.273201960784314135e+00
4.649900000000000144e-01 3.257096470588235260e+00
4.659599999999999853e-01 3.241010980392156959e+00
4.669200000000000017e-01 3.224880392156862730e+00
4.678899999999999726e-01 3.208784901960783920e+00
4.688599999999999990e-01 3.192689411764705554e+00
4.698299999999999699e-01 3.176603921568626809e+00
4.707999999999999963e-01 3.163518637028824187e+00
4.717699999999999672e-01 3.150577058722864088e+00
4.727399999999999936e-01 3.137615480416902081e+00
4.737099999999999644e-01 3.124673902110941093e+00
4.746799999999999908e-01 3.111712323804980418e+00
4.756499999999999617e-01 3.098770745499018986e+00
4.766199999999999881e-01 3.085829167193058442e+00
4.775899999999999590e-01 3.072967588887097090e+00
4.785599999999999854e-01 3.060026010581136102e+00
4.795299999999999563e-01 3.048717758620689722e+00
4.804999999999999827e-01 3.037487931034482447e+00
4.814700000000000646e-01 3.026368103448275892e+00
4.824400000000000355e-01 3.015148275862069127e+00
4.834100000000000619e-01 3.003918448275862296e+00
4.843800000000000328e-01 2.992798620689655298e+00
4.853500000000000592e-01 2.981578793103447644e+00
4.863200000000000300e-01 2.970388965517241520e+00
4.872900000000000564e-01 2.959199137931034063e+00
4.882500000000000173e-01 2.948058793103448316e+00
4.892200000000000437e-01 2.936878965517241369e+00
4.901900000000000146e-01 2.925699137931034421e+00
4.911600000000000410e-01 2.914509310344827409e+00
4.921300000000000119e-01 2.903319482758620396e+00
4.931000000000000383e-01 2.892139655172413892e+00
4.940700000000000092e-01 2.880959827586206945e+00
4.950400000000000356e-01 2.869770000000000376e+00
4.960100000000000064e-01 2.858590172413792985e+00
4.969800000000000328e-01 2.847390344827586350e+00
4.979500000000000037e-01 2.836210517241378959e+00
4.989200000000000301e-01 2.825030689655172456e+00
4.998900000000000010e-01 2.813850862068965508e+00
5.008599999999999719e-01 2.802661034482758495e+00
5.018299999999999983e-01 2.791481206896551992e+00
5.028000000000000247e-01 2.780291379310344979e+00
5.037699999999999401e-01 2.769101551724137966e+00
5.047399999999999665e-01 2.757921724137931019e+00
5.057099999999999929e-01 2.746731896551724006e+00
5.066800000000000193e-01 2.735552068965517503e+00
5.076499999999999346e-01 2.724362241379310490e+00
5.086100000000000065e-01 2.713221896551723855e+00
5.095800000000000329e-01 2.702032068965517286e+00
5.105500000000000593e-01 2.690852241379310339e+00
5.115199999999999747e-01 2.679672413793103392e+00
5.124900000000000011e-01 2.668482586206896823e+00
5.134600000000000275e-01 2.657292758620689366e+00
5.144299999999999429e-01 2.646102931034483241e+00
5.153999999999999693e-01 2.634923103448275850e+00
5.163699999999999957e-01 2.623743275862068902e+00
5.173400000000000221e-01 2.612563448275861955e+00
5.183099999999999374e-01 2.601373620689655386e+00
5.192799999999999638e-01 2.590183793103448817e+00
5.202499999999999902e-01 2.579003965517241426e+00
5.212200000000000166e-01 2.567814137931034413e+00
5.221900000000000430e-01 2.556634310344827465e+00
5.231599999999999584e-01 2.545444482758620897e+00
5.241299999999999848e-01 2.534254655172413884e+00
5.251000000000000112e-01 2.523391101982939144e+00
5.260700000000000376e-01 2.513243657841206513e+00
5.270399999999999530e-01 2.503106213699474392e+00
5.280099999999999794e-01 2.492958769557741761e+00
5.289800000000000058e-01 2.482831325416008816e+00
5.299400000000000777e-01 2.472729731213882065e+00
5.309099999999999930e-01 2.462592287072149499e+00
5.318800000000000194e-01 2.452444842930416868e+00
5.328500000000000458e-01 2.442307398788684303e+00
5.338200000000000722e-01 2.432159954646951672e+00
5.347899999999999876e-01 2.422454923076923006e+00
5.357600000000000140e-01 2.414129692307692032e+00
5.367300000000000404e-01 2.405804461538461059e+00
5.377000000000000668e-01 2.397479230769230529e+00
5.386699999999999822e-01 2.389154000000000000e+00
5.396400000000000086e-01 2.380828769230769026e+00
5.406100000000000350e-01 2.372503538461538497e+00
5.415800000000000614e-01 2.364178307692307524e+00
5.425499999999999767e-01 2.355863076923077060e+00
5.435200000000000031e-01 2.347527846153846021e+00
5.444900000000000295e-01 2.339202615384615491e+00
5.454600000000000559e-01 2.330887384615384583e+00
5.464299999999999713e-01 2.322552153846153988e+00
5.473999999999999977e-01 2.314226923076923015e+00
5.483700000000000241e-01 2.305911692307692551e+00
5.493400000000000505e-01 2.297576461538461512e+00
5.503000000000000114e-01 2.289290769230769573e+00
5.512700000000000378e-01 2.280975538461538665e+00
5.522400000000000642e-01 2.272640307692307626e+00
5.532100000000000906e-01 2.264315076923076653e+00
5.541800000000000059e-01 2.255999846153846633e+00
5.551500000000000323e-01 2.247664615384615594e+00
5.561200000000000587e-01 2.239339384615384621e+00
5.570900000000000851e-01 2.231024153846153713e+00
5.580600000000000005e-01 2.222688923076923118e+00
5.590300000000000269e-01 2.214363692307692588e+00
5.600000000000000533e-01 2.206048461538461680e+00
5.609700000000000797e-01 2.197713230769230641e+00
5.619400000000001061e-01 2.189397999999999733e+00
5.629100000000000215e-01 2.181072769230769204e+00
5.638800000000000479e-01 2.172737538461538609e+00
5.648500000000000743e-01 2.164422307692307257e+00
5.658200000000001006e-01 2.156097076923076727e+00
5.667900000000000160e-01 2.147761846153846133e+00
5.677600000000000424e-01 2.139456615384615290e+00
5.687300000000000688e-01 2.131131384615384317e+00
5.697000000000000952e-01 2.122796153846153278e+00
5.706700000000000106e-01 2.114480923076923258e+00
5.716299999999999715e-01 2.106185230769230809e+00
5.725999999999999979e-01 2.097850000000000215e+00
5.735700000000000243e-01 2.089534769230768863e+00
5.745399999999999396e-01 2.081209538461538333e+00
5.755099999999999660e-01 2.072874307692307738e+00
5.764799999999999924e-01 2.064559076923076830e+00
5.774500000000000188e-01 2.056233846153845857e+00
5.784199999999999342e-01 2.047908615384615327e+00
5.793899999999999606e-01 2.039583384615384354e+00
5.803599999999999870e-01 2.031258153846153824e+00
5.813300000000000134e-01 2.022932923076922851e+00
5.822999999999999288e-01 2.014607692307692322e+00
5.832699999999999552e-01 2.006282461538461792e+00
5.842399999999999816e-01 1.997967230769230884e+00
5.852100000000000080e-01 1.989641999999999911e+00
5.861799999999999233e-01 1.981320725997485210e+00
5.871499999999999497e-01 1.973247237050425262e+00
5.881199999999999761e-01 1.965163748103365027e+00
5.890900000000000025e-01 1.957090259156304857e+00
5.900599999999999179e-01 1.949006770209245509e+00
5.910299999999999443e-01 1.940923281262185274e+00
5.919900000000000162e-01 1.932878384984682452e+00
5.929600000000000426e-01 1.924794896037622660e+00
5.939299999999999580e-01 1.916731407090563000e+00
5.948999999999999844e-01 1.908647918143502764e+00
5.958700000000000108e-01 1.900574429196442594e+00
5.968400000000000372e-01 1.892490940249382803e+00
5.978099999999999525e-01 1.886275416666666649e+00
5.987799999999999789e-01 1.880545833333333361e+00
5.997500000000000053e-01 1.874816250000000073e+00
6.007200000000000317e-01 1.869076666666666720e+00
6.016900000000000581e-01 1.863337083333333366e+00
6.026599999999999735e-01 1.857607500000000078e+00
6.036299999999999999e-01 1.851857916666666881e+00
6.046000000000000263e-01 1.846118333333333528e+00
6.055700000000000527e-01 1.840388749999999796e+00
6.065399999999999681e-01 1.834649166666666886e+00
6.075099999999999945e-01 1.828909583333333311e+00
6.084800000000000209e-01 1.823180000000000245e+00
6.094500000000000473e-01 1.817440416666666447e+00
6.104199999999999626e-01 1.811700833333333316e+00
6.113899999999999890e-01 1.805971250000000028e+00
6.123600000000000154e-01 1.800221666666666609e+00
6.133200000000000873e-01 1.794501666666666662e+00
6.142900000000000027e-01 1.788772083333333374e+00
6.152600000000000291e-01 1.783032499999999798e+00
6.162300000000000555e-01 1.777292916666666667e+00
6.172000000000000819e-01 1.771553333333333535e+00
6.181699999999999973e-01 1.765823750000000247e+00
6.191400000000000237e-01 1.760084166666666672e+00
6.201100000000000501e-01 1.754344583333333318e+00
6.210800000000000765e-01 1.748614999999999808e+00
6.220499999999999918e-01 1.742865416666666833e+00
6.230200000000000182e-01 1.737125833333333258e+00
6.239900000000000446e-01 1.731396249999999970e+00
6.249600000000000710e-01 1.725656666666666617e+00
6.259299999999999864e-01 1.719917083333333263e+00
6.269000000000000128e-01 1.714187499999999975e+00
6.278700000000000392e-01 1.708447916666666622e+00
6.288400000000000656e-01 1.702708333333333268e+00
6.298099999999999810e-01 1.696978750000000202e+00
6.307800000000000074e-01 1.691239166666666849e+00
6.317500000000000338e-01 1.685489583333333208e+00
6.327200000000000601e-01 1.679750000000000076e+00
6.336799999999999100e-01 1.674039999999999973e+00
6.346499999999999364e-01 1.668300416666666619e+00
6.356199999999999628e-01 1.662560833333333266e+00
6.365900000000001002e-01 1.656831249999999978e+00
6.375599999999999046e-01 1.651091666666666624e+00
6.385299999999999310e-01 1.645352083333333271e+00
6.395000000000000684e-01 1.639622499999999983e+00
6.404700000000000948e-01 1.633882916666666851e+00
6.414400000000001212e-01 1.628133333333333210e+00
6.424100000000000366e-01 1.622403749999999922e+00
6.433800000000000630e-01 1.616664166666666791e+00
6.443500000000000894e-01 1.610924583333333215e+00
6.453200000000001157e-01 1.605194999999999705e+00
6.462900000000000311e-01 1.599455416666666796e+00
6.472600000000000575e-01 1.593715833333333221e+00
6.482300000000000839e-01 1.587986249999999933e+00
6.492000000000001103e-01 1.582246666666666579e+00
6.501700000000000257e-01 1.576507083333333448e+00
6.511400000000000521e-01 1.570757500000000029e+00
6.521100000000000785e-01 1.565027916666666741e+00
6.530800000000001049e-01 1.559288333333333165e+00
6.540500000000000203e-01 1.553548750000000034e+00
6.550099999999999811e-01 1.547838749999999930e+00
6.559800000000000075e-01 1.542099166666666576e+00
6.569500000000000339e-01 1.536359583333333223e+00
6.579199999999999493e-01 1.530630000000000379e+00
6.588899999999999757e-01 1.524890416666666804e+00
6.598600000000000021e-01 1.519150833333333228e+00
6.608300000000000285e-01 1.513411249999999875e+00
6.617999999999999439e-01 1.507671666666666743e+00
6.627699999999999703e-01 1.501932083333333612e+00
6.637399999999999967e-01 1.496202500000000102e+00
6.647100000000000231e-01 1.490462916666666304e+00
6.656799999999999384e-01 1.484723333333333395e+00
6.666499999999999648e-01 1.478983750000000041e+00
6.676199999999999912e-01 1.474524798332002673e+00
6.685900000000000176e-01 1.470301150034237780e+00
6.695599999999999330e-01 1.466097501736473463e+00
6.705299999999999594e-01 1.461873853438708570e+00
6.714999999999999858e-01 1.457660205140944187e+00
6.724700000000000122e-01 1.453426556843179007e+00
6.734400000000000386e-01 1.449212908545414624e+00
6.744099999999999540e-01 1.444989260247650176e+00
6.753700000000000259e-01 1.440800391829243576e+00
6.763400000000000523e-01 1.436576743531478684e+00
6.773099999999999676e-01 1.432363095233714301e+00
6.782799999999999940e-01 1.428149446935949474e+00
6.792500000000000204e-01 1.423928170731707299e+00
6.802200000000000468e-01 1.419874146341463472e+00
6.811900000000000732e-01 1.415820121951219424e+00
6.821599999999999886e-01 1.411766097560975597e+00
6.831300000000000150e-01 1.407712073170731770e+00
6.841000000000000414e-01 1.403648048780487878e+00
6.850700000000000678e-01 1.399594024390243829e+00
6.860399999999999832e-01 1.395540000000000225e+00
6.870100000000000096e-01 1.391485975609755954e+00
6.879800000000000360e-01 1.387431951219512127e+00
6.889500000000000624e-01 1.383367926829268235e+00
6.899199999999999777e-01 1.379313902439024409e+00
6.908900000000000041e-01 1.375259878048780582e+00
6.918600000000000305e-01 1.371205853658536533e+00
6.928300000000000569e-01 1.367151829268292484e+00
6.937999999999999723e-01 1.363087804878048814e+00
6.947699999999999987e-01 1.359033780487804988e+00
6.957400000000000251e-01 1.354979756097560939e+00
6.967000000000000970e-01 1.350940000000000030e+00
6.976700000000000124e-01 1.346875975609756138e+00
6.986400000000000388e-01 1.342831951219512376e+00
6.996100000000000652e-01 1.338767926829268262e+00
7.005800000000000916e-01 1.334713902439024213e+00
7.015500000000000069e-01 1.330659878048780387e+00
7.025200000000000333e-01 1.326595853658536495e+00
7.034900000000000597e-01 1.322541829268292668e+00
7.044600000000000861e-01 1.318487804878048619e+00
7.054300000000000015e-01 1.314433780487804793e+00
7.064000000000000279e-01 1.310379756097560966e+00
7.073700000000000543e-01 1.306315731707317074e+00
7.083400000000000807e-01 1.302261707317073025e+00
7.093099999999999961e-01 1.298207682926829198e+00
7.102800000000000225e-01 1.294153658536585372e+00
7.112500000000000488e-01 1.290089634146341480e+00
7.122200000000000752e-01 1.286035609756097431e+00
7.131900000000001016e-01 1.281981585365853604e+00
7.141600000000000170e-01 1.277927560975609556e+00
7.151300000000000434e-01 1.273873536585365729e+00
7.161000000000000698e-01 1.269809512195122059e+00
7.170599999999999197e-01 1.265769756097560927e+00
7.180299999999999461e-01 1.261715731707317101e+00
7.189999999999999725e-01 1.257661707317073052e+00
7.199699999999999989e-01 1.253607682926829225e+00
7.209400000000000253e-01 1.249543658536585111e+00
7.219099999999999406e-01 1.245489634146341507e+00
7.228799999999999670e-01 1.241435609756097458e+00
7.238499999999999934e-01 1.237381585365853631e+00
7.248200000000000198e-01 1.233327560975609805e+00
7.257899999999999352e-01 1.229263536585365912e+00
7.267599999999999616e-01 1.225209512195121864e+00
7.277299999999999880e-01 1.221155487804878037e+00
7.287000000000000144e-01 1.217101463414633988e+00
7.296699999999999298e-01 1.213037439024390318e+00
7.306399999999999562e-01 1.208983414634146270e+00
7.316099999999999826e-01 1.204929390243902443e+00
7.325800000000000090e-01 1.200875365853658394e+00
7.335499999999999243e-01 1.196821341463414567e+00
7.345199999999999507e-01 1.192757317073170675e+00
7.354899999999999771e-01 1.188703292682926627e+00
7.364600000000000035e-01 1.184649268292682800e+00
7.374299999999999189e-01 1.180595243902438973e+00
7.383899999999999908e-01 1.176555487804878286e+00
7.393600000000000172e-01 1.172491463414633950e+00
7.403300000000000436e-01 1.168437439024390123e+00
7.412999999999999590e-01 1.164383414634146519e+00
7.422699999999999854e-01 1.160329390243902470e+00
7.432400000000000118e-01 1.156265365853658578e+00
7.442100000000000382e-01 1.152211341463414307e+00
7.451799999999999535e-01 1.148458837674086297e+00
7.461499999999999799e-01 1.145077911760613798e+00
7.471200000000000063e-01 1.141676985847141168e+00
7.480900000000000327e-01 1.138296059933668669e+00
7.490599999999999481e-01 1.134895134020196039e+00
7.500299999999999745e-01 1.131504208106723475e+00
7.510000000000000009e-01 1.128113282193250910e+00
7.519700000000000273e-01 1.124722356279778346e+00
7.529400000000000537e-01 1.121341430366305847e+00
7.539099999999999691e-01 1.117940504452833439e+00
7.548799999999999955e-01 1.114549578539360875e+00
7.558500000000000218e-01 1.111148652625888245e+00
7.568200000000000482e-01 1.107767726712415524e+00
7.577899999999999636e-01 1.104366800798943116e+00
7.587500000000000355e-01 1.101076153846153760e+00
7.597200000000000619e-01 1.098086813186813337e+00
7.606900000000000883e-01 1.095097472527472471e+00
7.616600000000000037e-01 1.092128131868131735e+00
7.626300000000000301e-01 1.089138791208791091e+00
7.636000000000000565e-01 1.086149450549450446e+00
7.645700000000000829e-01 1.083160109890109801e+00
7.655399999999999983e-01 1.080180769230769444e+00
7.665100000000000247e-01 1.077201428571428643e+00
7.674800000000000511e-01 1.074212087912087998e+00
7.684500000000000774e-01 1.071232747252747197e+00
7.694199999999999928e-01 1.068243406593406553e+00
7.703900000000000192e-01 1.065254065934065908e+00
7.713600000000000456e-01 1.062284725274725172e+00
7.723300000000000720e-01 1.059295384615384750e+00
7.732999999999999874e-01 1.056306043956044105e+00
7.742700000000000138e-01 1.053326703296703304e+00
7.752400000000000402e-01 1.050337362637362659e+00
7.762100000000000666e-01 1.047358021978021858e+00
7.771799999999999820e-01 1.044378681318681501e+00
7.781500000000000083e-01 1.041389340659340856e+00
7.791200000000000347e-01 1.038399999999999990e+00
7.800800000000001067e-01 1.035450549450549484e+00
7.810500000000000220e-01 1.032461208791208840e+00
7.820200000000000484e-01 1.029471868131868195e+00
7.829900000000000748e-01 1.026482527472527551e+00
7.839600000000001012e-01 1.023503186813186749e+00
7.849300000000000166e-01 1.020523846153846170e+00
7.859000000000000430e-01 1.017534505494505748e+00
7.868700000000000694e-01 1.014555164835164724e+00
7.878400000000000958e-01 1.011565824175824302e+00
7.888100000000000112e-01 1.008576483516483435e+00
7.897800000000000376e-01 1.005607142857142700e+00
7.907500000000000639e-01 1.002617802197802277e+00
7.917200000000000903e-01 9.996284615384615213e-01
7.926900000000001167e-01 9.966491208791208312e-01
7.936600000000000321e-01 9.936597802197802975e-01
7.946300000000000585e-01 9.906804395604396074e-01
7.956000000000000849e-01 9.877010989010988062e-01
7.965700000000001113e-01 9.847117582417582726e-01
7.975400000000000267e-01 9.817224175824176280e-01
7.985100000000000531e-01 9.787430769230770489e-01
7.994800000000000795e-01 9.757637362637363587e-01
8.004400000000000404e-01 9.727942857142857225e-01
8.014099999999999557e-01 9.698149450549451434e-01
8.023799999999999821e-01 9.668256043956043877e-01
8.033500000000000085e-01 9.638362637362637431e-01
8.043200000000000349e-01 9.608569230769230529e-01
8.052899999999999503e-01 9.578775824175824738e-01
8.062599999999999767e-01 9.548882417582417181e-01
8.072300000000000031e-01 9.518989010989010735e-01
8.082000000000000295e-01 9.489195604395602723e-01
8.091699999999999449e-01 9.459402197802198042e-01
8.101399999999999713e-01 9.429508791208790486e-01
8.111099999999999977e-01 9.399715384615383584e-01
8.120800000000000241e-01 9.369821978021978248e-01
8.130499999999999394e-01 9.339928571428571802e-01
8.140199999999999658e-01 9.310235164835165556e-01
8.149899999999999922e-01 9.280341758241759109e-01
8.159600000000000186e-01 9.250448351648351553e-01
8.169299999999999340e-01 9.220654945054945761e-01
8.178999999999999604e-01 9.190861538461538860e-01
8.188699999999999868e-01 9.160968131868131303e-01
8.198400000000000132e-01 9.131174725274724402e-01
8.208099999999999286e-01 9.101281318681319066e-01
8.217700000000000005e-01 9.071586813186812703e-01
8.227400000000000269e-01 9.041893406593406457e-01
8.237100000000000533e-01 9.011999999999998900e-01
8.246799999999999686e-01 8.982106593406593564e-01
8.256499999999999950e-01 8.952213186813187118e-01
8.266200000000000214e-01 8.922419780219779106e-01
8.275900000000000478e-01 8.892626373626373315e-01
8.285599999999999632e-01 8.862732967032966869e-01
8.295299999999999896e-01 8.832939560439561077e-01
8.305000000000000160e-01 8.803046153846153521e-01
8.314700000000000424e-01 8.773152747252747075e-01
8.324400000000000688e-01 8.746101916571121793e-01
8.334099999999999842e-01 8.720217122383453479e-01
8.343800000000000106e-01 8.694332328195782944e-01
8.353500000000000369e-01 8.668347534008110644e-01
8.363200000000000633e-01 8.642462739820437889e-01
8.372899999999999787e-01 8.616677945632769120e-01
8.382600000000000051e-01 8.590693151445096820e-01
8.392300000000000315e-01 8.564808357257427396e-01
8.402000000000000579e-01 8.538923563069755751e-01
8.411699999999999733e-01 8.513038768882085217e-01
8.421300000000000452e-01 8.487140415871605725e-01
8.431000000000000716e-01 8.461355621683934736e-01
8.440700000000000980e-01 8.435370827496263546e-01
8.450400000000000134e-01 8.409386033308593467e-01
8.460100000000000398e-01 8.383601239120921367e-01
8.469800000000000662e-01 8.357616444933252398e-01
8.479500000000000925e-01 8.336066990291262080e-01
8.489200000000000079e-01 8.316074757281552987e-01
8.498900000000000343e-01 8.295982524271843239e-01
8.508600000000000607e-01 8.275890291262135712e-01
8.518300000000000871e-01 8.255798058252427074e-01
8.528000000000000025e-01 8.235805825242717981e-01
8.537700000000000289e-01 8.215613592233009799e-01
8.547400000000000553e-01 8.195521359223301161e-01
8.557100000000000817e-01 8.175629126213590503e-01
8.566799999999999971e-01 8.155536893203884086e-01
8.576500000000000234e-01 8.135344660194174793e-01
8.586200000000000498e-01 8.115252427184466155e-01
8.595900000000000762e-01 8.095260194174755952e-01
8.605599999999999916e-01 8.075167961165048425e-01
8.615300000000000180e-01 8.055075728155339787e-01
8.625000000000000444e-01 8.035083495145629584e-01
8.634600000000000053e-01 8.015059223300972091e-01
8.644299999999999207e-01 7.994966990291262343e-01
8.653999999999999471e-01 7.974774757281554161e-01
8.663699999999999735e-01 7.954882524271844613e-01
8.673399999999999999e-01 7.934790291262134865e-01
8.683099999999999152e-01 7.914698058252427337e-01
8.692799999999999416e-01 7.894605825242718700e-01
8.702499999999999680e-01 7.874513592233008952e-01
8.712199999999999944e-01 7.854421359223300314e-01
8.721900000000000208e-01 7.834429126213591221e-01
8.731599999999999362e-01 7.814336893203882584e-01
8.741299999999999626e-01 7.794244660194173946e-01
8.750999999999999890e-01 7.774152427184465308e-01
8.760700000000000154e-01 7.754160194174757326e-01
8.770399999999999308e-01 7.733967961165046923e-01
8.780099999999999572e-01 7.713975728155340050e-01
8.789799999999999836e-01 7.693883495145631413e-01
8.799500000000000099e-01 7.673891262135921210e-01
8.809199999999999253e-01 7.653699029126213027e-01
8.818899999999999517e-01 7.633606796116504389e-01
8.828599999999999781e-01 7.613614563106794186e-01
8.838200000000000500e-01 7.593690291262135128e-01
8.847899999999999654e-01 7.573498058252426945e-01
8.857599999999999918e-01 7.553405825242718308e-01
8.867300000000000182e-01 7.533413592233011435e-01
8.877000000000000446e-01 7.513321359223299467e-01
8.886699999999999600e-01 7.493129126213592395e-01
8.896399999999999864e-01 7.473236893203883957e-01
8.906100000000000128e-01 7.453144660194174209e-01
8.915800000000000392e-01 7.433052427184465571e-01
8.925499999999999545e-01 7.412860194174757389e-01
8.935199999999999809e-01 7.392867961165048296e-01
8.944900000000000073e-01 7.372875728155340314e-01
8.954600000000000337e-01 7.352783495145631676e-01
8.964299999999999491e-01 7.332691262135921928e-01
8.973999999999999755e-01 7.312599029126213290e-01
8.983700000000000019e-01 7.292506796116504653e-01
8.993400000000000283e-01 7.272414563106796015e-01
9.003099999999999437e-01 7.252422330097088032e-01
9.012799999999999701e-01 7.232330097087378284e-01
9.022499999999999964e-01 7.212237864077670757e-01
9.032200000000000228e-01 7.192245631067960554e-01
9.041900000000000492e-01 7.172053398058252371e-01
9.051500000000000101e-01 7.152029126213591548e-01
9.061200000000000365e-01 7.132036893203883565e-01
9.070900000000000629e-01 7.112044660194174472e-01
9.080599999999999783e-01 7.091852427184466290e-01
9.090300000000000047e-01 7.071760194174757652e-01
9.100000000000000311e-01 7.051767961165048559e-01
9.109700000000000575e-01 7.031675728155338811e-01
9.119400000000000839e-01 7.011583495145630174e-01
9.129099999999999993e-01 6.991491262135921536e-01
9.138800000000000257e-01 6.971499029126213554e-01
9.148500000000000520e-01 6.951406796116504916e-01
9.158200000000000784e-01 6.931214563106795623e-01
9.167899999999999938e-01 6.911222330097087641e-01
9.177600000000000202e-01 6.891230097087378548e-01
9.187300000000000466e-01 6.871137864077668800e-01
9.197000000000000730e-01 6.850945631067960617e-01
9.206699999999999884e-01 6.830953398058252635e-01
9.216400000000000148e-01 6.810861165048543997e-01
9.226100000000000412e-01 6.790868932038834904e-01
9.235800000000000676e-01 6.770776699029125156e-01
9.245499999999999829e-01 6.750684466019417629e-01
9.255100000000000549e-01 6.730640194174756230e-01
9.264800000000000813e-01 6.710527961165047017e-01
9.274500000000001076e-01 6.690505728155339282e-01
9.284200000000000230e-01 6.670493495145630725e-01
9.293900000000000494e-01 6.645226663641958798e-01
9.303600000000000758e-01 6.613534097202389272e-01
9.313300000000001022e-01 6.581841530762818637e-01
9.323000000000000176e-01 6.550138964323248825e-01
9.332700000000000440e-01 6.518446397883678189e-01
9.342400000000000704e-01 6.486753831444108664e-01
9.352100000000000968e-01 6.454951265004539307e-01
9.361800000000000122e-01 6.423258698564969782e-01
9.371500000000000385e-01 6.391656132125399514e-01
9.381200000000000649e-01 6.359863565685829334e-01
9.390900000000000913e-01 6.328170999246258699e-01
9.400600000000000067e-01 6.296468432806689997e-01
9.410300000000000331e-01 6.264675866367118706e-01
9.420000000000000595e-01 6.233073299927549549e-01
9.429700000000000859e-01 6.201380733487978913e-01
9.439400000000001123e-01 6.169588167048408733e-01
9.449100000000000277e-01 6.137885600608838921e-01
9.458800000000000541e-01 6.106193034169269396e-01
9.468400000000000150e-01 6.025742857142856179e-01
9.478099999999999303e-01 5.915754642857145029e-01
9.487799999999999567e-01 5.805866428571430093e-01
9.497499999999999831e-01 5.695878214285714503e-01
9.507200000000000095e-01 5.585989999999998457e-01
9.516900000000000359e-01 5.476101785714282411e-01
9.526599999999999513e-01 5.366193571428572451e-01
9.536299999999999777e-01 5.256215357142857147e-01
9.546000000000000041e-01 5.146347142857142787e-01
9.555700000000000305e-01 5.036378928571426661e-01
9.565399999999999459e-01 4.926500714285715898e-01
9.575099999999999723e-01 4.816532499999999772e-01
9.584799999999999986e-01 4.706664285714284857e-01
9.594500000000000250e-01 4.596686071428568998e-01
9.604199999999999404e-01 4.486827857142858256e-01
9.613899999999999668e-01 4.376859642857142685e-01
9.623599999999999932e-01 4.266981428571427482e-01
9.633300000000000196e-01 4.157013214285712466e-01
9.642999999999999350e-01 4.047145000000001436e-01
9.652699999999999614e-01 3.937166785714286132e-01
9.662399999999999878e-01 3.827298571428570662e-01
9.672000000000000597e-01 3.717707142857141212e-01
9.681699999999999751e-01 3.607828928571429894e-01
9.691400000000000015e-01 3.497860714285714323e-01
9.701100000000000279e-01 3.387992499999999407e-01
9.710800000000000542e-01 3.278014285714284104e-01
9.720499999999999696e-01 3.168146071428572519e-01
9.730199999999999960e-01 3.058177857142858058e-01
9.739900000000000224e-01 2.948289642857142567e-01
9.749600000000000488e-01 2.838371428571426769e-01
9.759299999999999642e-01 2.728453214285715966e-01
9.768999999999999906e-01 2.618525000000000991e-01
9.778700000000000170e-01 2.508606785714285192e-01
9.788400000000000434e-01 2.398688571428569949e-01
9.798099999999999588e-01 2.288760357142858859e-01
9.807799999999999851e-01 2.178842142857143893e-01
9.817500000000000115e-01 2.069001432639873128e-01
