0.000000000000000000e+00 0.000000000000000000e+00
8.432323232323233329e-05 1.037680611155552270e+02
1.686464646464646666e-04 3.094279452257242156e+02
2.529696969696969863e-04 5.752989447366654758e+02
3.372929292929293331e-04 8.823148654031540445e+02
4.216161616161616800e-04 1.218175443066536445e+03
5.059393939393939726e-04 1.573956252742113520e+03
5.902626262626263194e-04 1.942731588157875422e+03
6.745858585858586663e-04 2.318876163735561931e+03
7.589090909090910131e-04 2.697667134504756632e+03
8.432323232323233600e-04 3.075042524117674475e+03
9.275555555555555984e-04 3.447450651275074506e+03
1.011878787878787945e-03 3.811756635176147938e+03
1.096202020202020292e-03 4.165186291878962948e+03
1.180525252525252639e-03 4.505294751649231330e+03
1.264848484848484986e-03 4.829950887739446443e+03
1.349171717171717333e-03 5.137330896590174234e+03
1.433494949494949679e-03 5.425915936698600490e+03
1.517818181818182026e-03 5.694490010745125801e+03
1.602141414141414373e-03 5.942135423974053992e+03
1.686464646464646720e-03 6.168224204824342451e+03
1.770787878787878850e-03 6.372404802368377204e+03
1.855111111111111197e-03 6.554584132761860019e+03
1.939434343434343544e-03 6.714905599210713262e+03
2.023757575757575890e-03 6.853724048994779878e+03
2.108080808080808454e-03 6.971578776719450616e+03
2.192404040404040584e-03 7.069165675180007383e+03
2.276727272727273148e-03 7.147309522715936509e+03
2.361050505050505278e-03 7.206937225529331954e+03
2.445373737373737841e-03 7.249052643042431555e+03
2.529696969696969971e-03 7.274713440090158656e+03
2.614020202020202535e-03 7.285010246453472064e+03
2.698343434343434665e-03 7.281048268052254571e+03
2.782666666666666795e-03 7.263931385457388387e+03
2.866989898989899359e-03 7.234748691692423563e+03
2.951313131313131489e-03 7.194563358947152665e+03
3.035636363636364052e-03 7.144403679214834483e+03
3.119959595959596182e-03 7.085256093868632888e+03
3.204282828282828746e-03 7.018060009236812220e+03
3.288606060606060876e-03 6.943704187185229785e+03
3.372929292929293440e-03 6.863024499729734089e+03
3.457252525252525570e-03 6.776802843127010419e+03
3.541575757575757700e-03 6.685767018208580339e+03
3.625898989898990264e-03 6.590591398532507810e+03
3.710222222222222394e-03 6.491898224974384902e+03
3.794545454545454957e-03 6.390259383573964442e+03
3.878868686868687087e-03 6.286198541891220884e+03
3.963191919191920085e-03 6.180193537093211489e+03
4.047515151515151781e-03 6.072678925964854898e+03
4.131838383838384345e-03 5.964048622655978761e+03
4.216161616161616908e-03 5.854658564034280971e+03
4.300484848484848605e-03 5.744829354917747878e+03
4.384808080808081168e-03 5.634848856211930979e+03
4.469131313131313732e-03 5.524974688144328866e+03
4.553454545454546296e-03 5.415436628482302694e+03
4.637777777777777992e-03 5.306438891980162225e+03
4.722101010101010556e-03 5.198162282476659129e+03
4.806424242424242252e-03 5.090766213208027693e+03
4.890747474747475683e-03 4.984390594161622175e+03
4.975070707070707379e-03 4.879157587807864729e+03
5.059393939393939943e-03 4.775173236438029562e+03
5.143717171717171639e-03 4.672528965712846002e+03
5.228040404040405070e-03 4.571302969987546021e+03
5.312363636363636767e-03 4.471561485605832786e+03
5.396686868686869330e-03 4.373359958717720474e+03
5.481010101010101027e-03 4.276744114332695972e+03
5.565333333333333590e-03 4.181750933318707212e+03
5.649656565656566154e-03 4.088409543938164461e+03
5.733979797979798718e-03 3.996742034306915684e+03
5.818303030303030414e-03 3.906764191896218108e+03
5.902626262626262978e-03 3.818486175891817766e+03
5.986949494949495541e-03 3.731913127893848014e+03
6.071272727272728105e-03 3.647045726099125204e+03
6.155595959595959801e-03 3.563880687762458820e+03
6.239919191919192365e-03 3.482411224393226803e+03
6.324242424242424061e-03 3.402627453812374370e+03
6.408565656565657492e-03 3.324516772877069798e+03
6.492888888888889189e-03 3.248064194377688636e+03
6.577212121212121752e-03 3.173252651326163232e+03
6.661535353535353449e-03 3.100063271586779138e+03
6.745858585858586880e-03 3.028475625550369841e+03
6.830181818181818576e-03 2.958467949320603111e+03
6.914505050505051140e-03 2.890017345665870380e+03
6.998828282828282836e-03 2.823099964791946149e+03
7.083151515151515400e-03 2.757691166807847821e+03
7.167474747474747963e-03 2.693765667589706936e+03
7.251797979797980527e-03 2.631297669593768205e+03
7.336121212121212223e-03 2.570260979029009377e+03
7.420444444444444787e-03 2.510629110671488434e+03
7.504767676767676483e-03 2.452375381485291655e+03
7.589090909090909914e-03 2.395472994108140483e+03
7.673414141414142478e-03 2.339895111162416470e+03
7.757737373737374174e-03 2.285614921263835640e+03
7.842060606060605871e-03 2.232605697519457863e+03
7.926383838383840169e-03 2.180840849233550216e+03
8.010707070707070998e-03 2.130293967473272460e+03
8.095030303030303562e-03 2.080938865085769066e+03
8.179353535353536125e-03 2.032749611703391338e+03
8.263676767676768689e-03 1.985700564223965330e+03
8.348000000000001253e-03 1.939766393207808278e+03
8.896101010101012049e-03 1.666678369217294630e+03
9.444202020202021111e-03 1.433227108795076447e+03
9.992303030303031908e-03 1.233683475724753862e+03
1.054040404040404097e-02 1.063061794561834631e+03
1.108850505050505177e-02 9.170719731412868896e+02
1.163660606060606256e-02 7.920477912800196236e+02
1.218470707070707162e-02 6.848691566112117926e+02
1.273280808080808242e-02 5.928870674887297127e+02
1.328090909090909322e-02 5.138551926909212852e+02
1.382901010101010228e-02 4.458694396331061967e+02
1.437711111111111308e-02 3.873155902261315191e+02
1.492521212121212387e-02 3.368244661551281069e+02
1.547331313131313467e-02 2.932338303627753362e+02
1.602141414141414547e-02 2.555561666128590730e+02
1.656951515151515453e-02 2.229515093494160851e+02
1.711761616161616359e-02 1.947045698236737792e+02
1.766571717171717612e-02 1.702054937829250605e+02
1.821381818181818518e-02 1.489336764269834532e+02
1.876191919191919424e-02 1.304441447904025893e+02
1.931002020202020678e-02 1.143560932254226401e+02
1.985812121212121584e-02 1.003432234423568019e+02
2.040622222222222490e-02 8.812559692319759108e+01
2.095432323232323396e-02 7.746275529003402482e+01
2.150242424242424649e-02 6.814790440381224812e+01
2.205052525252525555e-02 6.000299163233827215e+01
2.259862626262626809e-02 5.287453383511710570e+01
2.314672727272727715e-02 4.663007704023793565e+01
2.369482828282828621e-02 4.115518829555168878e+01
2.424292929292929874e-02 3.635089641327262910e+01
2.479103030303030433e-02 3.213151184354142487e+01
2.533913131313132033e-02 2.842276716930469149e+01
2.588723232323232593e-02 2.516022909642943262e+01
2.643533333333333846e-02 2.228794063863893271e+01
2.698343434343434752e-02 1.975725873139188238e+01
2.753153535353536005e-02 1.752585797140505974e+01
2.807963636363636911e-02 1.555687575048496107e+01
2.862773737373737470e-02 1.381817788367253463e+01
2.917583838383839070e-02 1.228172704652098446e+01
2.972393939393939630e-02 1.092303903733949788e+01
3.027204040404041230e-02 9.720714152545165021e+00
3.082014141414141789e-02 8.656032877424319594e+00
3.136824242424243042e-02 7.712606709172226793e+00
3.191634343434344295e-02 6.876076292717759664e+00
3.246444444444444855e-02 6.133850203022891634e+00
3.301254545454546108e-02 5.474878683995772377e+00
3.356064646464646667e-02 4.889457481989540888e+00
3.410874747474747920e-02 4.369057614560374780e+00
3.465684848484849173e-02 3.906177512364471305e+00
3.520494949494950426e-02 3.494214480224682617e+00
3.575305050505050986e-02 3.127352856279380866e+00
3.630115151515152239e-02 2.800466617308423167e+00
3.684925252525253492e-02 2.509034493542439126e+00
3.739735353535354051e-02 2.249065925687103729e+00
3.794545454545455304e-02 2.017036427433712475e+00
3.849355555555555863e-02 1.809831114201507773e+00
3.904165656565657117e-02 1.624695328184150966e+00
3.958975757575758370e-02 1.459191435111931501e+00
4.013785858585859623e-02 1.311160993014946818e+00
4.068595959595960182e-02 1.178691600667844730e+00
4.123406060606060741e-02 1.060087825847782828e+00
4.178216161616162688e-02 9.538456931991817767e-01
4.233026262626263247e-02 8.586302802032180770e-01
4.287836363636364501e-02 7.732560290582869422e-01
4.342646464646465060e-02 6.966694335197463062e-01
4.397456565656566313e-02 6.279338040590114467e-01
4.452266666666667566e-02 5.662158530534640022e-01
4.507076767676768125e-02 5.107738749391662614e-01
4.561886868686869378e-02 4.609473250583186466e-01
4.616696969696969938e-02 4.161476259210650230e-01
4.671507070707071885e-02 3.758500512986537312e-01
4.726317171717172444e-02 3.395865574199659065e-01
4.781127272727273697e-02 3.069394469410543502e-01
4.835937373737374256e-02 2.775357656286144281e-01
4.890747474747475509e-02 2.510423441282088053e-01
4.945557575757576763e-02 2.271614080220912546e-01
5.000367676767677322e-02 2.056266888313290075e-01
5.055177777777778575e-02 1.861999768652807807e-01
5.109987878787879134e-02 1.686680640261392361e-01
5.164797979797981081e-02 1.528400309735805651e-01
5.219608080808081640e-02 1.385448385625843160e-01
5.274418181818182200e-02 1.256291882883081024e-01
5.329228282828283453e-02 1.139556206940778166e-01
5.384038383838384706e-02 1.034008243987700054e-01
5.438848484848485959e-02 9.385413164477104941e-02
5.493658585858586518e-02 8.521617911506693122e-02
5.548468686868687771e-02 7.739771526813273017e-02
5.603278787878789025e-02 7.031853763584146322e-02
5.658088888888889584e-02 6.390654546061055874e-02
5.712898989898990837e-02 5.809689474659193720e-02
5.767709090909091396e-02 5.283124429471497407e-02
5.822519191919192649e-02 4.805708260799419762e-02
5.877329292929293902e-02 4.372712671366558307e-02
5.932139393939395156e-02 3.979878497157975786e-02
5.986949494949495715e-02 3.623367684062064192e-02
6.041759595959596968e-02 3.299720337136243659e-02
6.096569696969698221e-02 3.005816289655201257e-02
6.151379797979798780e-02 2.738840701250400481e-02
6.206189898989900033e-02 2.496253249395893881e-02
6.261000000000001287e-02 2.275760527097802494e-02
