1.030669758950456607e-04 5.533880264495915071e+02
1.033895334843185521e-04 5.550759086931706179e+02
1.037131005472612870e-04 5.567690733196151314e+02
1.040376802431146650e-04 5.584675368606285701e+02
1.043632757410065966e-04 5.601713158996520860e+02
1.046898902199830432e-04 5.618804270720255545e+02
1.050175268690391748e-04 5.635948870651518519e+02
1.053461888871503233e-04 5.653147126186572677e+02
1.056758794833033167e-04 5.670399205245573739e+02
1.060066018765278662e-04 5.687705276274193693e+02
1.063383592959278866e-04 5.705065508245271531e+02
1.066711549807130731e-04 5.722480070660462843e+02
1.070049921802304925e-04 5.739949133551893965e+02
1.073398741539964319e-04 5.757472867483821801e+02
1.076758041717280705e-04 5.775051443554301613e+02
1.080127855133754369e-04 5.792685033396854806e+02
1.083508214691535960e-04 5.810373809182146942e+02
1.086899153395744840e-04 5.828117943619662356e+02
1.090300704354793532e-04 5.845917609959401489e+02
1.093712900780711354e-04 5.863772981993564599e+02
1.097135775989466292e-04 5.892140709903233073e+02
1.100569363401292022e-04 5.925884468136515579e+02
1.104013696541014796e-04 5.959733830567597579e+02
1.107468809038379248e-04 5.993689127694534591e+02
1.110934734628377308e-04 6.027750691049711804e+02
1.114411507151577400e-04 6.061918853203067101e+02
1.117899160554456202e-04 6.096193947765360690e+02
1.121397728889728112e-04 6.130576309391406085e+02
1.124907246316678502e-04 6.165066273783351107e+02
1.128427747101498331e-04 6.199664177693965712e+02
1.131959265617616994e-04 6.234370358929904796e+02
1.135501836346038427e-04 6.269185156355024446e+02
1.139055493875679105e-04 6.304108909893693635e+02
1.142620272903703739e-04 6.339141960534094551e+02
1.146196208235865171e-04 6.374284650331568400e+02
1.149783334786844819e-04 6.409537322411958939e+02
1.153381687580591755e-04 6.444900320974936676e+02
1.156991301750666130e-04 6.480373991297385601e+02
1.160612212540582458e-04 6.515958679736771728e+02
1.164244455304151818e-04 6.551654733734507090e+02
1.167888065505829070e-04 6.587462501819356930e+02
1.171543078721058712e-04 6.623382333610848036e+02
1.175209530636621018e-04 6.659414579822660016e+02
1.178887457050981958e-04 6.695559592266075697e+02
1.182576893874641232e-04 6.731817723853390589e+02
1.186277877130485038e-04 6.768189328601387160e+02
1.189990442954135864e-04 6.804674761634764764e+02
1.193714627594305127e-04 6.841274379189617321e+02
1.197450467413149739e-04 6.877988538616922369e+02
1.201197998886623927e-04 6.914817598386013060e+02
1.204957258604836889e-04 6.951761918088083121e+02
1.208728283272410715e-04 6.988821858439707739e+02
1.212511109708837222e-04 7.026894213752830183e+02
1.216305774848838457e-04 7.066234419580332542e+02
1.220112315742727052e-04 7.105697744203577031e+02
1.223930769556768488e-04 7.145284572934176595e+02
1.227761173573542540e-04 7.184995292289596591e+02
1.231603565192308921e-04 7.224830289996953070e+02
1.235457981929371715e-04 7.264789954996795132e+02
1.239324461418445968e-04 7.304874677446888427e+02
1.243203041411023878e-04 7.345084848726032760e+02
1.247093759776745595e-04 7.385420861437892199e+02
1.250996654503767306e-04 7.425883109414813816e+02
1.254911763699132572e-04 7.466471987721679398e+02
1.258839125589144485e-04 7.507187892659766248e+02
1.262778778519738901e-04 7.548031221770606862e+02
1.266730760956858760e-04 7.589002373839881557e+02
1.270695111486830038e-04 7.630101748901312249e+02
1.274671868816737691e-04 7.671329748240548270e+02
1.278661071774804038e-04 7.712686774399109026e+02
1.282662759310768780e-04 7.754173231178310743e+02
1.286676970496267386e-04 7.795789523643192069e+02
1.290703744525213540e-04 7.837536058126476064e+02
1.294743120714183225e-04 7.879413242232565153e+02
1.298795138502795816e-04 7.921421484841466736e+02
1.302859837454100873e-04 7.963561196112834750e+02
1.306937257254965471e-04 8.005832787489956672e+02
1.311027437716458276e-04 8.048236671703757565e+02
1.315130418774242301e-04 8.090773262776854153e+02
1.319246240488961149e-04 8.133442976027570239e+02
1.323374943046633397e-04 8.176246228074027158e+02
1.327516566759043444e-04 8.219183436838173975e+02
1.331671152064133187e-04 8.262255021549888170e+02
1.335838739526400999e-04 8.305461402751071773e+02
1.340019369837294489e-04 8.348803002299745231e+02
1.344213083815609753e-04 8.392280243374183328e+02
1.348419922407886841e-04 8.435893550477009057e+02
1.352639926688815246e-04 8.479643349439406848e+02
1.356873137861628828e-04 8.523530067425203924e+02
1.361119597258511301e-04 8.567554132935088091e+02
1.365379346341000103e-04 8.611715975810783448e+02
1.369652426700388901e-04 8.665394845287121370e+02
1.373938880058136612e-04 8.722083432912581884e+02
1.378238748266272891e-04 8.778949432691700849e+02
1.382552073307806873e-04 8.835993399852137600e+02
1.386878897297136738e-04 8.893215891359188845e+02
1.391219262480463054e-04 8.950617465921242228e+02
1.395573211236199426e-04 9.008198683995203737e+02
1.399940786075384760e-04 9.065960107791970586e+02
1.404322029642103120e-04 9.123902301281952987e+02
1.408716984713894642e-04 9.182025830200543624e+02
1.413125694202177290e-04 9.240331262053658747e+02
1.417548201152663456e-04 9.298819166123284958e+02
1.421984548745781451e-04 9.357490113473011206e+02
1.426434780297095896e-04 9.416344676953635826e+02
1.430898939257733277e-04 9.475383431208753109e+02
1.435377069214802072e-04 9.534606952680338736e+02
1.439869213891822094e-04 9.594015819614403426e+02
1.444375417149150313e-04 9.653610612066646581e+02
1.448895722984407217e-04 9.713391911908086058e+02
1.453430175532908597e-04 9.773360302830762976e+02
1.457978819068096515e-04 9.833516370353445382e+02
1.462541698001970007e-04 9.893860701827331923e+02
1.467118856885519574e-04 9.954393886441780523e+02
1.471710340409162490e-04 1.001511651523008709e+03
1.476316193403177837e-04 1.007602918107522328e+03
1.480936460838147507e-04 1.013713247871567319e+03
1.485571187825390424e-04 1.019842700475117113e+03
1.490220419617406522e-04 1.025991335764858832e+03
1.494884201608318020e-04 1.032159213774775480e+03
1.499562579334311771e-04 1.038346394726730750e+03
1.504255598474083791e-04 1.044552939031058486e+03
1.508963304849287299e-04 1.050778907287153288e+03
1.513685744424977519e-04 1.057024360284059867e+03
1.518422963310060800e-04 1.063289359001068078e+03
1.523175007757747283e-04 1.069573964608308870e+03
1.527941924165999749e-04 1.075878238467350457e+03
1.532723759077987366e-04 1.082202242131796083e+03
1.537520559182542132e-04 1.088546037347889978e+03
1.542332371314610994e-04 1.094909686055113298e+03
1.547159242455716085e-04 1.101293250386794853e+03
1.552001219734412804e-04 1.107696792670715467e+03
1.556858350426749244e-04 1.114120375429715068e+03
1.561730681956727794e-04 1.120564061382305454e+03
1.566618261896770257e-04 1.120190846666455400e+03
1.571521137968179185e-04 1.100617534073513980e+03
1.576439358041605975e-04 1.080982964996920600e+03
1.581372970137517354e-04 1.061286947728868199e+03
1.586322022426664836e-04 1.041529289961586755e+03
1.591286563230553638e-04 1.021709798785460180e+03
1.596266641021918103e-04 1.001828280687139682e+03
1.601262304425189807e-04 9.818845415476649805e+02
1.606273602216975690e-04 9.618783866405606204e+02
1.611300583326535105e-04 9.418096206299322830e+02
1.616343296836254156e-04 9.216780475685694682e+02
1.621401791982127086e-04 9.014834708960262333e+02
1.626476118154237659e-04 8.812256934366986343e+02
1.631566324897238925e-04 8.609045173979104675e+02
1.636672461910840563e-04 8.405197443679672915e+02
1.641794579050290541e-04 8.399878222564592534e+02
1.646932726326863548e-04 8.457090490244638659e+02
1.652086953908349701e-04 8.514481808983276778e+02
1.657257312119543515e-04 8.572052739137276376e+02
1.662443851442735321e-04 8.629803842817092345e+02
1.667646622518205392e-04 8.687735683892369707e+02
1.672865676144716439e-04 8.745848827997418766e+02
1.678101063280010448e-04 8.804143842536760758e+02
1.683352835041307415e-04 8.862621296690671215e+02
1.688621042705802449e-04 8.921281761420709699e+02
1.693905737711167488e-04 8.980125809475324559e+02
1.699206971656054370e-04 9.039154015395434953e+02
1.704524796300596005e-04 9.098366955520031070e+02
1.709859263566914321e-04 9.157765207991806165e+02
1.715210425539627135e-04 9.217349352762822718e+02
1.720578334466354466e-04 9.277119971600135386e+02
1.725963042758230017e-04 9.337077648091500350e+02
1.731364602990414538e-04 9.397222967651072167e+02
1.736783067902606488e-04 9.457556517525108575e+02
1.742218490399557031e-04 9.518078886797692348e+02
1.747670923551589909e-04 9.578790666396532743e+02
1.753140420595116172e-04 9.639692449098672569e+02
1.758627034933154317e-04 9.700784829536310099e+02
1.764130820135854233e-04 9.762068404202616421e+02
1.769651829941017076e-04 9.823543771457527782e+02
1.775190118254621377e-04 9.885211531533594780e+02
1.780745739151351589e-04 9.947072286541879294e+02
1.786318746875120950e-04 1.000912664047778321e+03
1.791909195839605441e-04 1.007137519922697038e+03
1.797517140628773703e-04 1.013381857057128286e+03
1.803142635997419371e-04 1.019645736419466402e+03
1.808785736871696944e-04 1.025929219168914187e+03
1.814446498349657380e-04 1.032232366656075328e+03
1.820124975701784508e-04 1.038555240423556825e+03
1.825821224371538751e-04 1.044897902206568915e+03
1.831535299975894351e-04 1.051260413933528753e+03
1.837267258305883368e-04 1.057642837726661128e+03
1.843017155327142929e-04 1.064045235902612603e+03
1.848785047180458684e-04 1.070467670973052236e+03
1.854570990182313143e-04 1.076910205645284577e+03
1.860375040825438891e-04 1.083372902822865854e+03
1.866197255779365293e-04 1.089855825606211511e+03
1.872037691890975238e-04 1.095582863447180443e+03
1.877896406185059158e-04 1.101209338052584144e+03
1.883773455864872588e-04 1.106853421228232037e+03
1.889668898312691270e-04 1.112515168081763704e+03
1.895582791090378195e-04 1.118194633893287346e+03
1.901515191939937629e-04 1.123891874115912287e+03
1.907466158784084319e-04 1.129606944376293995e+03
1.913435749726808365e-04 1.135339900475177501e+03
1.919424023053940354e-04 1.141090798387940595e+03
1.925431037233721386e-04 1.146859694265141343e+03
1.931456850917376614e-04 1.152646644433067650e+03
1.937501522939683095e-04 1.158451705394283181e+03
1.943565112319547397e-04 1.164274933828182611e+03
1.949647678260582671e-04 1.170116386591545051e+03
1.955749280151683272e-04 1.175976120719086794e+03
1.961869977567606978e-04 1.181854193424019741e+03
1.968009830269558023e-04 1.187750662098611429e+03
1.974168898205765782e-04 1.193665584314739817e+03
1.980347241512075127e-04 1.199599017824463999e+03
1.986544920512532978e-04 1.205551020560581719e+03
1.992761995719971872e-04 1.211521650637194853e+03
1.998998527836608446e-04 1.217510966350281251e+03
2.005254577754631343e-04 1.223519026178260447e+03
2.011530206556795628e-04 1.229545888782564816e+03
2.017825475517022894e-04 1.235591613008214608e+03
2.024140446100995130e-04 1.241656257884390016e+03
2.030475179966757273e-04 1.247739882625008022e+03
2.036829738965320017e-04 1.253842546629302888e+03
2.043204185141261279e-04 1.259964309482402541e+03
2.049598580733332539e-04 1.266105230955911338e+03
2.056012988175069515e-04 1.272265371008497368e+03
2.062447470095397147e-04 1.278444789786472256e+03
2.068902089319243800e-04 1.284643547624381654e+03
2.075376908868155736e-04 1.290861705045594590e+03
2.081871991960909142e-04 1.297099322762892598e+03
2.088387402014129485e-04 1.303356461679062932e+03
2.094923202642912216e-04 1.309633182887496105e+03
2.101479457661439680e-04 1.315929547672777744e+03
2.108056231083607515e-04 1.322245617511289538e+03
2.114653587123649153e-04 1.328581454071809958e+03
2.121271590196762216e-04 1.334937119216115661e+03
2.127910304919736813e-04 1.341312674999584033e+03
2.134569796111588443e-04 1.347716353279743316e+03
2.141250128794189268e-04 1.354140289212345351e+03
2.147951368192902106e-04 1.360584329443826391e+03
2.154673579737221190e-04 1.367048536892442144e+03
2.161416829061405887e-04 1.373532974673355056e+03
2.168181182005124712e-04 1.380037706099251182e+03
2.174966704614099346e-04 1.386562794680962952e+03
2.181773463140744042e-04 1.393108304128081045e+03
2.188601524044818858e-04 1.399674298349584660e+03
2.195450953994076656e-04 1.406260841454462707e+03
2.202321819864908742e-04 1.412867997752334304e+03
2.209214188743007044e-04 1.419495831754087021e+03
2.216128127924011650e-04 1.426144408172497833e+03
2.223063704914170820e-04 1.432813791922868631e+03
2.230020987431001261e-04 1.439504048123661505e+03
2.237000043403946509e-04 1.446215242097130613e+03
2.244000940975041005e-04 1.452947439369963377e+03
2.251023748499577965e-04 1.459700705673918492e+03
2.258068534546773447e-04 1.466475106946468941e+03
2.265135367900436938e-04 1.473270709331443413e+03
2.272224317559644368e-04 1.480087579179676368e+03
2.279335452739409773e-04 1.486925783049651727e+03
2.286468842871361299e-04 1.493785387708153394e+03
2.293624557604421804e-04 1.500666460130920541e+03
2.300802666805485135e-04 1.507569067503297447e+03
2.308003240560099712e-04 1.514493277220890377e+03
2.315226349173155106e-04 1.521439156890228332e+03
2.322472063169565078e-04 1.528406774329420386e+03
2.329740453294957137e-04 1.535396197568817115e+03
2.337031590516365617e-04 1.542407494851679530e+03
2.344345546022920683e-04 1.549440734634839146e+03
2.351682391226545747e-04 1.556495985589370093e+03
2.359042197762657050e-04 1.563573316601261013e+03
2.366425037490857007e-04 1.570672796772083984e+03
2.373830982495639755e-04 1.577794495419669147e+03
2.381260105087097505e-04 1.584938482078786592e+03
2.388712477801620401e-04 1.592104826501820071e+03
2.396188173402608024e-04 1.599293598659448435e+03
2.403687264881183068e-04 1.606504868741335031e+03
2.411209825456895261e-04 1.613738707156800956e+03
2.418755928578446420e-04 1.620995184535525823e+03
2.426325647924401966e-04 1.628274371728230335e+03
2.433919057403907574e-04 1.635576339807365684e+03
2.441536231157418846e-04 1.642901160067814544e+03
2.449177243557419323e-04 1.650248904027582057e+03
2.456842169209146358e-04 1.657619643428494328e+03
2.464531082951323493e-04 1.665013450236903054e+03
2.472244059856888504e-04 1.672430396644382654e+03
2.479981175233725234e-04 1.679870555068438307e+03
2.487742504625403022e-04 1.687333998153213543e+03
2.495528123811909622e-04 1.694820798770197598e+03
2.503338108810393339e-04 1.701719968186222786e+03
2.511172535875907334e-04 1.707770517066500588e+03
2.519031481502150135e-04 1.713840001696505396e+03
2.526915022422213737e-04 1.719928481337407447e+03
2.534823235609336037e-04 1.726036015435844547e+03
2.542756198277646221e-04 1.732162663624493234e+03
2.550713987882924794e-04 1.738308485722659498e+03
2.558696682123357100e-04 1.744473541736857896e+03
2.566704358940291716e-04 1.750657891861400913e+03
2.574737096518999943e-04 1.756861596478980573e+03
2.582794973289443958e-04 1.763084716161265987e+03
2.590878067927039554e-04 1.769327311669489973e+03
2.598986459353421039e-04 1.775589443955040906e+03
2.607120226737220242e-04 1.781871174160063674e+03
2.615279449494830872e-04 1.788172563618050845e+03
2.623464207291188060e-04 1.794493673854443841e+03
2.631674580040547357e-04 1.800834566587235486e+03
2.639910647907262107e-04 1.807195303727568216e+03
2.648172491306566246e-04 1.813575947380342541e+03
2.656460190905364678e-04 1.819976559844822759e+03
2.664773827623010652e-04 1.826397203615240869e+03
2.673113482632106987e-04 1.832837941381415249e+03
2.681479237359292661e-04 1.839298836029355471e+03
2.689871173486036446e-04 1.845779950641876667e+03
2.698289372949440302e-04 1.852281348499221167e+03
2.706733917943033012e-04 1.858803093079670134e+03
2.715204890917575749e-04 1.865345248060166568e+03
2.723702374581870342e-04 1.871907877316937174e+03
2.732226451903558878e-04 1.878491044926113545e+03
2.740777206109940110e-04 1.885094815164359943e+03
2.749354720688782058e-04 1.891719252509501757e+03
2.757959079389133545e-04 1.898364421641152376e+03
2.766590366222142759e-04 1.905030387441345283e+03
2.775248665461881254e-04 1.911717214995170707e+03
2.783934061646162520e-04 1.918424969591405898e+03
2.792646639577367061e-04 1.925153716723156549e+03
2.801386484323276690e-04 1.931903522088496175e+03
2.810153681217897434e-04 1.938674451591104798e+03
2.818948315862296002e-04 1.945466571340914015e+03
2.827770474125436786e-04 1.952279947654754324e+03
2.836620242145018321e-04 1.959114647056999274e+03
2.845497706328314631e-04 1.965970736280216670e+03
2.854402953353020900e-04 1.973474119673164068e+03
2.863336070168095364e-04 1.981581082335017300e+03
2.872297143994613652e-04 1.989713416482836919e+03
2.881286262326617181e-04 1.997871201519024680e+03
2.890303512931966965e-04 2.006054517094478115e+03
2.899348983853202301e-04 2.014263443109369291e+03
2.908422763408399997e-04 2.022498059713928114e+03
2.917524940192035236e-04 2.030758447309217672e+03
2.926655603075848928e-04 2.039044686547927540e+03
2.935814841209715624e-04 2.047356858335155948e+03
2.945002744022508700e-04 2.055695043829198767e+03
2.954219401222979652e-04 2.064059324442347588e+03
2.963464902800635212e-04 2.072449781841681215e+03
2.972739339026604167e-04 2.080866497949858967e+03
2.982042800454535623e-04 2.089309554945929904e+03
2.991375377921470162e-04 2.097779035266125902e+03
3.000737162548731594e-04 2.106275021604673384e+03
3.010128245742818716e-04 2.114797596914596852e+03
3.019548719196292193e-04 2.123346844408530160e+03
3.028998674888673352e-04 2.131922847559526417e+03
3.038478205087345708e-04 2.140525690101881082e+03
3.047987402348447251e-04 2.149155456031937774e+03
3.057526359517781186e-04 2.157812229608917278e+03
3.067095169731720691e-04 2.166496095355736998e+03
3.076693926418116402e-04 2.175207138059836325e+03
3.086322723297211471e-04 2.183945442774005642e+03
3.095981654382553390e-04 2.192711094817214416e+03
3.105670813981916095e-04 2.201504179775447028e+03
3.115390296698215041e-04 2.210324783502535865e+03
3.125140197430438527e-04 2.219172992121001698e+03
3.134920611374566015e-04 2.228048892022893597e+03
3.144731634024503257e-04 2.236952569870631578e+03
3.154573361173013623e-04 2.245884112597855619e+03
3.164445888912652141e-04 2.254843607410270579e+03
3.174349313636702793e-04 2.263831141786500211e+03
3.184283732040123389e-04 2.272846803478939819e+03
3.194249241120487750e-04 2.281890680514616633e+03
3.204245938178930039e-04 2.290962861196043832e+03
3.214273920821099947e-04 2.300063434102085921e+03
3.224333286958110827e-04 2.309192488088825030e+03
3.234424134807499756e-04 2.318350112290423112e+03
3.244546562894183258e-04 2.327536396119999608e+03
3.254700670051421702e-04 2.336751429270498193e+03
3.264886555421782073e-04 2.345995301715564892e+03
3.275104318458108336e-04 2.355268103710426658e+03
3.285354058924490166e-04 2.364569925792773574e+03
3.295635876897239276e-04 2.373900858783640615e+03
3.305949872765864112e-04 2.383260993788295309e+03
3.316296147234053769e-04 2.392650422197129501e+03
3.326674801320655397e-04 2.402069235686547017e+03
3.337085936360665163e-04 2.411517526219863157e+03
3.347529654006219210e-04 2.420995386048200999e+03
3.358006056227579744e-04 2.329664406450998740e+03
3.368515245314135744e-04 2.233626892029018109e+03
3.379057323875399896e-04 2.137288819364575374e+03
3.389632394842010928e-04 2.040649247832969422e+03
3.400240561466739758e-04 1.943707233865741500e+03
3.410881927325494002e-04 1.846461830941455219e+03
3.421556596318333873e-04 1.748912089576425387e+03
3.432264672670482116e-04 1.651057057315499605e+03
3.443006260933345326e-04 1.552895778722714340e+03
3.453781465985534182e-04 1.454427295371965556e+03
3.464590393033885308e-04 1.355650645837695265e+03
3.475433147614488552e-04 1.256564865685467339e+03
3.486309835593722948e-04 1.157168987462534460e+03
3.497220563169281277e-04 1.057462040688455772e+03
3.508165436871214706e-04 9.574430518455542369e+02
3.519144563562967652e-04 8.571110443694642527e+02
3.530158050442427291e-04 7.564650386395368287e+02
3.541206005042963310e-04 6.555040519693405940e+02
3.552288535234480668e-04 5.542270985970344555e+02
3.563405749224477230e-04 5.172486750511933451e+02
3.574557755559090570e-04 5.193868125648012892e+02
3.585744663124166448e-04 5.215316415765918237e+02
3.596966581146319704e-04 5.236831830282251303e+02
3.608223619193998946e-04 5.258414579268993521e+02
3.619515887178555028e-04 5.280064873455569341e+02
3.630843495355320916e-04 5.301782924230899425e+02
3.642206554324680713e-04 5.323568943645466334e+02
3.653605175033152234e-04 5.345423144413380214e+02
3.665039468774473918e-04 5.367345739914468368e+02
3.676509547190684696e-04 5.389336944196342074e+02
3.688015522273218488e-04 5.411396971976496388e+02
3.699557506363999253e-04 5.433526038644407663e+02
3.711135612156531692e-04 5.455724360263627659e+02
3.722749952697006594e-04 5.477992153573903806e+02
3.734400641385402387e-04 5.500329635993284683e+02
3.746087791976597525e-04 5.522737025620259601e+02
3.757811518581470958e-04 5.545214541235866363e+02
3.769571935668024278e-04 5.567762402305841078e+02
3.781369158062498448e-04 5.590380828982761159e+02
3.793203300950493784e-04 5.613070042108190592e+02
3.805074479878091560e-04 5.635830263214833167e+02
3.816982810752989172e-04 5.658661714528703897e+02
3.828928409845624992e-04 5.681564618971298160e+02
3.840911393790316240e-04 5.704539200161752888e+02
3.852931879586400654e-04 5.727585682419054365e+02
3.864989984599374352e-04 5.750704290764208508e+02
3.877085826562038924e-04 5.773895250922448668e+02
3.889219523575652309e-04 5.797158789325429780e+02
3.901391194111082390e-04 5.813197170575372184e+02
3.913600957009961121e-04 5.824793526758834332e+02
3.925848931485845716e-04 5.836426174806517793e+02
3.938135237125385785e-04 5.848095228297154335e+02
3.950459993889485601e-04 5.859800801164926725e+02
3.962823322114479379e-04 5.871543007700587395e+02
3.975225342513304919e-04 5.883321962552574860e+02
3.987666176176682680e-04 5.895137780728125563e+02
4.000145944574295389e-04 5.906990577594403931e+02
4.012664769555980126e-04 5.918880468879630143e+02
4.025222773352912266e-04 5.930807570674201088e+02
4.037820078578798107e-04 5.942771999431829499e+02
4.050456808231081584e-04 5.954773871970686514e+02
4.063133085692132015e-04 5.966813305474530580e+02
4.075849034730457321e-04 5.978890417493856830e+02
4.088604779501912368e-04 5.991005325947052143e+02
4.101400444550906774e-04 6.003158149121534279e+02
4.114236154811623546e-04 6.015349005674913769e+02
4.127112035609238811e-04 6.027578014636150101e+02
4.140028212661148047e-04 6.039845295406718151e+02
4.152984812078187437e-04 6.052150967761767788e+02
4.165981960365868777e-04 6.064495151851294850e+02
4.179019784425617632e-04 6.076877968201321210e+02
4.192098411556006076e-04 6.089299537715057795e+02
4.205217969453999526e-04 6.101759981674101709e+02
4.218378586216205194e-04 6.114259421739609479e+02
4.231580390340116218e-04 6.126797979953482809e+02
4.244823510725373125e-04 6.139375778739569114e+02
4.258108076675020965e-04 6.151992940904851821e+02
4.271434217896767529e-04 6.156748770094280871e+02
4.284802064504254575e-04 6.156589286727106582e+02
4.298211747018324718e-04 6.156429304242051330e+02
4.311663396368301871e-04 6.156268821077082976e+02
4.325157143893260310e-04 6.156107835665275161e+02
4.338693121343313239e-04 6.155946346434801626e+02
4.352271460880902457e-04 6.155784351808914607e+02
4.365892295082077169e-04 6.155621850205932333e+02
4.379555756937800453e-04 6.155458840039225379e+02
4.393261979855242168e-04 6.155295319717192797e+02
4.407011097659080542e-04 6.155131287643260976e+02
4.420803244592810799e-04 6.154966742215851809e+02
4.434638555320058136e-04 6.154801681828381561e+02
4.448517164925886347e-04 6.154636104869231303e+02
4.462439208918121637e-04 6.154470009721745782e+02
4.476404823228676434e-04 6.154303394764206132e+02
4.490414144214872113e-04 6.154136258369816233e+02
4.504467308660773110e-04 6.153968598906695888e+02
4.518564453778523742e-04 6.153800414737851270e+02
4.532705717209684483e-04 6.153631704221165819e+02
4.546891237026580174e-04 6.153462465709390017e+02
4.561121151733641180e-04 6.153292697550109551e+02
4.575395600268766230e-04 6.153122398085745317e+02
4.589714722004668997e-04 6.152951565653530679e+02
4.604078656750242569e-04 6.152780198585493281e+02
4.618487544751928250e-04 6.152608295208440268e+02
4.632941526695077863e-04 6.139508421734955164e+02
4.647440743705332313e-04 6.123818015403363688e+02
4.661985337350000149e-04 6.108078504500718964e+02
4.676575449639435041e-04 6.092289735349746707e+02
4.691211223028425191e-04 6.076451553792223876e+02
4.705892800417587067e-04 6.060563805187473463e+02
4.720620325154754817e-04 6.044626334410859272e+02
4.735393941036383759e-04 6.028638985852267069e+02
4.750213792308953346e-04 6.012601603414587998e+02
4.765080023670376628e-04 5.996514030512188356e+02
4.779992780271411336e-04 5.980376110069390734e+02
4.794952207717076940e-04 5.964187684518933565e+02
4.809958452068079831e-04 5.947948595800428393e+02
4.825011659842233622e-04 5.931658685358830780e+02
4.840111978015894639e-04 5.915317794142879393e+02
4.855259554025396313e-04 5.898925762603545309e+02
4.870454535768485214e-04 5.882482430692480193e+02
4.885697071605768450e-04 5.865987637860450832e+02
4.900987310362161630e-04 5.849441223055762293e+02
4.916325401328343857e-04 5.832843024722701557e+02
4.931711494262207849e-04 5.816192880799949307e+02
4.947145739390331745e-04 5.799490628719001961e+02
4.962628287409441693e-04 5.782736105402577778e+02
4.978159289487877693e-04 5.765929147263037748e+02
4.993738897267084370e-04 5.749069590200772382e+02
5.009367262863072484e-04 5.732157269602613496e+02
5.025044538867921634e-04 5.715192020340215322e+02
5.040770878351253682e-04 5.698173676768453788e+02
5.056546434861748478e-04 5.681102072723796255e+02
5.072371362428618365e-04 5.663977041522692844e+02
5.088245815563129321e-04 5.646798415959939348e+02
5.104169949260107999e-04 5.629566028307042416e+02
5.120143918999445513e-04 5.636420913363170939e+02
5.136167880747622913e-04 5.658776895014699448e+02
5.152241990959238824e-04 5.681202841768873668e+02
5.168366406578521911e-04 5.703698972587916387e+02
5.184541285040876945e-04 5.726265507119318272e+02
5.200766784274418958e-04 5.748902665697984276e+02
5.217043062701510634e-04 5.771610669348370948e+02
5.233370279240312723e-04 5.794389739786648761e+02
5.249748593306332277e-04 5.817240099422871253e+02
5.266178164813990412e-04 5.840161971363152134e+02
5.282659154178165123e-04 5.863155579411827603e+02
5.299191722315773137e-04 5.886221148073650511e+02
5.315776030647334418e-04 5.909358902555989062e+02
5.332412241098548594e-04 5.932569068771008460e+02
5.349100516101876809e-04 5.955851873337895768e+02
5.365841018598130081e-04 5.979207543585059739e+02
5.382633912038053319e-04 6.002636307552354538e+02
5.399479360383926691e-04 6.026138393993304589e+02
5.416377528111169159e-04 6.049714032377344211e+02
5.433328580209937676e-04 6.073363452892049281e+02
5.450332682186739396e-04 6.097086886445385971e+02
5.467390000066053640e-04 6.120884564667978793e+02
5.484500700391945188e-04 6.140331841147192335e+02
5.501664950229693835e-04 6.078405672880963948e+02
5.518882917167429372e-04 6.016285700970297512e+02
5.536154769317758965e-04 5.953971318888854967e+02
5.553480675319417319e-04 5.891461918212111186e+02
5.570860804338907072e-04 5.828756888611419527e+02
5.588295326072156540e-04 5.765855617848043266e+02
5.605784410746168789e-04 5.702757491767210922e+02
5.623328229120689139e-04 5.639461894292079478e+02
5.640926952489872664e-04 5.575968207417739677e+02
5.658580752683958206e-04 5.512275811205175842e+02
5.676289802070932618e-04 5.448384083775239333e+02
5.694054273558239471e-04 5.384292401302511735e+02
5.711874340594436800e-04 5.320000138009293096e+02
5.729750177170915559e-04 5.255506666159443512e+02
5.747681957823588816e-04 5.190811356052248584e+02
5.765669857634588523e-04 5.125913576016308753e+02
5.783714052233989399e-04 5.060812692403347910e+02
5.801814717801513296e-04 4.995508069582017470e+02
5.819972031068254168e-04 4.929999069931710096e+02
5.838186169318401947e-04 4.864285053836325119e+02
5.856457310390972932e-04 4.798365379678028262e+02
5.874785632681547767e-04 4.732239403830969309e+02
5.893171315144012665e-04 4.692094565506958475e+02
5.911614537292303895e-04 4.678738848531196481e+02
5.930115479202167439e-04 4.665341333609648018e+02
5.948674321512909978e-04 4.651901889931794472e+02
5.967291245429166141e-04 4.638420386277734337e+02
5.985966432722669012e-04 4.624896691016898558e+02
6.004700065734018457e-04 4.611330672106770976e+02
6.023492327374471147e-04 4.597722197091595149e+02
6.042343401127717563e-04 4.584071133101080591e+02
6.061253471051680688e-04 4.570377346849109585e+02
6.080222721780306023e-04 4.556640704632430356e+02
6.099251338525371125e-04 4.542861072329357057e+02
6.118339507078289713e-04 4.529038315398456689e+02
6.137487413811926629e-04 4.515172298877235448e+02
6.156695245682414957e-04 4.501262887380824509e+02
6.175963190230991575e-04 4.487309945100654431e+02
6.195291435585814285e-04 4.473313335803127302e+02
6.214680170463806035e-04 4.459272922828297396e+02
6.234129584172501317e-04 4.445188569088518875e+02
6.253639866611884974e-04 4.431060137067123605e+02
6.273211208276252690e-04 4.416887488817074541e+02
6.292843800256071483e-04 4.402670485959611142e+02
6.312537834239842363e-04 4.388408989682906736e+02
6.332293502515969497e-04 4.374102860740709957e+02
6.352110997974651056e-04 4.359751959450985623e+02
6.371990514109739708e-04 4.345356145694549923e+02
6.391932245020657318e-04 4.330915278913703332e+02
6.411936385414268450e-04 4.316429218110860120e+02
6.432003130606797235e-04 4.301897821847165346e+02
6.452132676525723642e-04 4.303176701129394814e+02
6.472325219711702517e-04 4.320966991037372509e+02
6.492580957320480449e-04 4.338812957295368733e+02
6.512900087124822400e-04 4.356714774147644675e+02
6.533282807516437246e-04 4.374672616383776358e+02
6.553729317507926092e-04 4.392686659340362212e+02
6.574239816734711063e-04 4.410757078902728949e+02
6.594814505456994460e-04 4.428884051506655055e+02
6.615453584561714661e-04 4.447067754140091438e+02
6.636157255564498767e-04 4.465308364344886627e+02
6.656925720611636937e-04 4.483606060218522202e+02
6.677759182482059970e-04 4.501961020415858457e+02
6.698657844589307134e-04 4.520373424150864707e+02
6.719621910983521098e-04 4.538843451198380308e+02
6.740651586353440692e-04 4.557371281895868265e+02
6.761747076028394761e-04 4.575957097145171701e+02
6.782908585980310101e-04 4.594601078414283961e+02
6.804136322825718322e-04 4.613303407739115869e+02
6.825430493827782221e-04 4.632064267725283457e+02
6.846791306898311310e-04 4.650883841549876934e+02
6.868218970599791447e-04 4.669762312963259205e+02
6.889713694147429641e-04 4.688699866290857585e+02
6.911275687411184759e-04 4.707696686434961180e+02
6.932905160917826430e-04 4.726752958876525668e+02
6.954602325852988522e-04 4.745868869676992858e+02
6.976367394063229125e-04 4.765044605480096038e+02
6.998200578058093790e-04 4.784280353513685782e+02
7.020102091012206955e-04 4.803576301591565993e+02
7.042072146767334095e-04 4.822932638115315171e+02
7.064110959834480740e-04 4.832823867794876946e+02
7.086218745395983900e-04 4.832700013385887132e+02
7.108395719307616500e-04 4.832575771363121930e+02
7.130642098100689651e-04 4.832451140513508676e+02
7.152958098984164674e-04 4.832326119620179270e+02
7.175343939846787894e-04 4.832200707462454261e+02
7.197799839259202666e-04 4.832074902815836595e+02
7.220326016476086338e-04 4.831948704451995695e+02
7.242922691438301308e-04 4.831822111138757805e+02
7.265590084775031985e-04 4.831695121640091770e+02
7.288328417805938018e-04 4.831567734716098812e+02
7.311137912543325948e-04 4.831439949123001156e+02
7.334018791694307858e-04 4.831311763613125549e+02
7.356971278662974116e-04 4.831183176934896437e+02
7.379995597552585626e-04 4.831054187832820048e+02
7.403091973167750910e-04 4.830924795047473594e+02
7.426260631016623785e-04 4.830794997315494470e+02
7.449501797313111883e-04 4.830664793369564336e+02
7.472815698979076498e-04 4.830534181938398319e+02
7.496202563646550861e-04 4.830403161746735350e+02
7.519662619659964924e-04 4.830271731515320539e+02
7.543196096078376650e-04 4.830139889960897221e+02
7.566803222677698964e-04 4.830007635796191607e+02
7.590484229952953804e-04 4.829874967729903688e+02
7.614239349120520764e-04 4.829741884466688475e+02
7.638068812120387893e-04 4.829608384707149185e+02
7.661972851618419848e-04 4.829474467147823020e+02
7.685951701008635799e-04 4.829340130481166966e+02
7.710005594415479755e-04 4.829205373395544143e+02
7.734134766696109308e-04 4.829070194575218125e+02
7.758339453442691979e-04 4.828934592700328494e+02
7.782619890984700467e-04 4.828798566446889140e+02
7.806976316391219840e-04 4.828665059635999341e+02
7.831408967473267721e-04 4.828539474433389387e+02
7.855918082786117734e-04 4.828413496200325881e+02
7.880503901631615363e-04 4.828287123706786019e+02
7.905166664060524163e-04 4.828160355718893015e+02
7.929906610874879564e-04 4.828033190998911550e+02
7.954723983630316653e-04 4.827905628305232995e+02
7.979619024638443490e-04 4.827777666392361198e+02
8.004591976969213348e-04 4.827649304010902256e+02
8.029643084453278509e-04 4.827520539907554280e+02
8.054772591684385271e-04 4.827391372825091480e+02
8.079980744021762447e-04 4.827261801502352796e+02
8.105267787592508773e-04 4.827131824674231098e+02
8.130633969293998755e-04 4.827001441071661247e+02
8.156079536796303694e-04 4.826870649421603048e+02
8.181604738544591025e-04 4.826739448447036125e+02
8.207209823761565937e-04 4.826607836866941170e+02
8.232895042449897820e-04 4.826475813396289709e+02
8.258660645394661892e-04 4.826343376746033300e+02
8.284506884165791655e-04 4.826210525623088188e+02
8.310434011120521611e-04 4.826077258730323933e+02
8.336442279405875504e-04 4.825943574766550341e+02
8.362531942961115529e-04 4.825809472426504385e+02
8.388703256520230580e-04 4.835020460683976466e+02
8.414956475614425576e-04 4.848210418438931697e+02
8.441291856574612961e-04 4.861441655380932048e+02
8.467709656533913953e-04 4.874714300696991245e+02
8.494210133430178233e-04 4.888028483978430359e+02
8.520793546008487368e-04 4.901384335222134041e+02
8.547460153823691845e-04 4.914781984831826662e+02
8.574210217242948101e-04 4.928221563619343328e+02
8.601043997448251221e-04 4.941703202805905448e+02
8.627961756438989318e-04 4.955227034023403689e+02
8.654963757034499000e-04 4.968793189315682071e+02
8.682050262876643597e-04 4.982401801139831150e+02
8.709221538432369717e-04 4.996053002367474960e+02
8.736477848996295230e-04 5.009746926286069311e+02
8.763819460693314609e-04 5.023483706600214873e+02
8.791246640481170660e-04 5.037263477432942977e+02
8.818759656153081538e-04 5.051086373327037222e+02
8.846358776340350425e-04 5.064952529246351673e+02
8.874044270514984964e-04 5.078862080577114284e+02
8.901816408992326447e-04 5.092815163129261578e+02
8.929675462933701771e-04 5.106811913137759689e+02
8.957621704349053721e-04 5.120852467263930521e+02
8.985655406099607011e-04 5.134936962596793819e+02
9.013776841900535434e-04 5.149065536654401285e+02
9.041986286323625737e-04 5.163238327385180355e+02
9.070284014799959941e-04 5.177455473169278548e+02
9.098670303622615006e-04 5.191717112819920885e+02
9.127145429949344059e-04 5.206023385584758216e+02
9.155709671805295578e-04 5.220374431147230325e+02
9.184363308085718471e-04 5.234770389627924487e+02
9.213106618558699690e-04 5.249211401585959038e+02
9.241939883867876905e-04 5.263697608020337384e+02
9.270863385535190208e-04 5.263223628654196773e+02
9.299877405963631648e-04 5.246297521023858508e+02
9.328982228439995856e-04 5.229318441581494881e+02
9.358178137137649092e-04 5.212286224546946869e+02
9.387465417119312400e-04 5.195200703621223965e+02
9.416844354339825229e-04 5.178061711984894373e+02
9.446315235648953526e-04 5.160869082296446777e+02
9.475878348794191308e-04 5.143622646690657803e+02
9.505533982423558991e-04 5.126322236776956061e+02
9.535282426088426654e-04 5.108967683637775963e+02
9.565123970246344884e-04 5.091558817826912104e+02
9.595058906263878888e-04 5.074095469367854321e+02
9.625087526419452352e-04 5.056577467752140365e+02
9.655210123906194557e-04 5.039004641937687552e+02
9.685426992834820017e-04 5.021376820347116450e+02
9.715738428236482104e-04 5.003693830866083658e+02
9.746144726065663526e-04 4.985955500841599246e+02
9.776646183203066814e-04 4.968161657080333953e+02
9.807243097458503717e-04 4.950312125846940035e+02
9.837935767573813880e-04 4.932406732862348804e+02
9.868724493225778088e-04 4.914445303302064190e+02
9.899609575029040195e-04 4.896427661794464825e+02
9.930591314539043146e-04 4.878353632419087944e+02
9.961670014254980169e-04 4.860223038704909300e+02
9.992845977622745977e-04 4.842035703628623082e+02
1.002411950903788363e-03 4.823791449612916722e+02
1.005549091384858778e-03 4.815407116826299898e+02
1.008696049835866018e-03 4.811319031228849212e+02
1.011852856983050213e-03 4.807218151591177957e+02
1.015019543648812850e-03 4.803104437873159327e+02
1.018196140752017321e-03 4.798977849909356337e+02
1.021382679308289240e-03 4.794838347408633581e+02
1.024579190430321756e-03 4.790685889953757055e+02
1.027785705328177184e-03 4.786520437001005348e+02
1.031002255309592741e-03 4.782341947879772874e+02
1.034228871780286949e-03 4.778150381792169128e+02
1.037465586244263856e-03 4.773945697812623621e+02
1.040712430304123340e-03 4.769727854887487979e+02
1.043969435661369020e-03 4.765496811834626669e+02
1.047236634116715083e-03 4.761252527343028760e+02
1.050514057570401142e-03 4.756994959972390689e+02
1.053801738022501445e-03 4.752724068152720633e+02
1.057099707573235393e-03 4.748439810183928103e+02
1.060407998423284993e-03 4.744142144235419778e+02
1.063726642874107545e-03 4.739831028345686832e+02
1.067055673328248105e-03 4.735506420421901339e+02
1.070395122289661280e-03 4.731168278239501319e+02
1.073745022364024776e-03 4.726816559441778054e+02
1.077105406259057938e-03 4.722451221539464541e+02
1.080476306784843108e-03 4.718072221910317126e+02
1.083857756854145031e-03 4.713679517798705092e+02
1.087249789482729826e-03 4.709273066315191159e+02
1.090652437789692416e-03 4.704852824436105152e+02
1.094065734997774417e-03 4.700418749003138714e+02
1.097489714433693081e-03 4.695970796722909313e+02
1.100924409528463528e-03 4.691508924166545853e+02
1.104369853817726167e-03 4.687033087769263489e+02
1.107826080942075214e-03 4.682543243829935591e+02
1.111293124647386122e-03 4.678039348510671402e+02
1.114771018785143657e-03 4.673521357836382890e+02
1.118259797312775401e-03 4.613258222475580510e+02
1.121759494293982648e-03 4.543695461495678387e+02
1.125270143899069356e-03 4.473914997451443583e+02
1.128791780405280845e-03 4.403916149021089836e+02
1.132324438197136220e-03 4.333698232750557509e+02
1.135868151766762516e-03 4.263260563046899279e+02
1.139422955714234492e-03 4.192602452171507252e+02
1.142988884747911599e-03 4.121723210233423629e+02
1.146565973684773431e-03 4.050622145182657619e+02
1.150154257450765154e-03 3.979298562803347750e+02
1.153753771081135991e-03 3.907751766707012280e+02
1.157364549720778582e-03 3.835981058325806998e+02
1.160986628624577658e-03 3.763985736905603403e+02
1.164620043157750485e-03 3.691765099499209555e+02
1.168264828796191854e-03 3.619318440959524423e+02
1.171921021126822544e-03 3.546645053932602991e+02
1.175588655847936920e-03 3.473744228850747504e+02
1.179267768769548140e-03 3.400615253925658408e+02
1.182958395813741605e-03 3.327257415141386900e+02
1.186660573015024941e-03 3.253669996247398331e+02
1.190374336520676245e-03 3.179852278751636732e+02
1.194099722591103604e-03 3.167826393502620022e+02
1.197836767600191825e-03 3.161689496931651320e+02
1.201585508035663257e-03 3.155533394377908962e+02
1.205345980499432324e-03 3.149358025734501894e+02
1.209118221707960062e-03 3.143163330706428269e+02
1.212902268492617539e-03 3.136949248809989967e+02
1.216698157800042779e-03 3.130715719372195736e+02
1.220505926692499197e-03 3.124462681530176269e+02
1.224325612348242708e-03 3.118190074230583946e+02
1.228157252061881687e-03 3.111897836228998244e+02
1.232000883244739739e-03 3.105585906089333434e+02
1.235856543425224328e-03 3.099254222183227512e+02
1.239724270249190855e-03 3.092902722689450457e+02
1.243604101480310633e-03 3.086531345593297715e+02
1.247496075000439951e-03 3.080140028685981974e+02
1.251400228809991305e-03 3.073728709564028350e+02
1.255316601028300073e-03 3.067297325628665021e+02
1.259245229894002255e-03 3.060845814085211600e+02
1.263186153765404615e-03 3.054374111942465220e+02
1.267139411120858086e-03 3.047882156012086625e+02
1.271105040559137016e-03 3.041369882907983992e+02
1.275083080799814311e-03 3.034837229045689355e+02
1.279073570683637428e-03 3.028284130641746401e+02
1.283076549172911104e-03 3.021710523713078373e+02
1.287092055351876608e-03 3.015116344076368478e+02
1.291120128427090345e-03 3.008501527347435172e+02
1.295160807727812214e-03 3.001866008940597226e+02
1.299214132706386169e-03 2.995209724068047308e+02
1.303280142938623371e-03 2.988532607739221589e+02
1.307358878124194020e-03 2.981570474130007256e+02
1.311450378087011598e-03 2.974560286143755548e+02
1.315554682775620142e-03 2.967528159128852963e+02
1.319671832263588467e-03 2.960474024425089397e+02
1.323801866749899385e-03 2.953397813157374685e+02
1.327944826559340243e-03 2.946299456235071830e+02
1.332100752142900820e-03 2.939178884351314309e+02
1.336269684078163211e-03 2.932036027982338169e+02
1.340451663069703410e-03 2.924870817386792510e+02
1.344646729949485961e-03 2.917683182605067600e+02
1.348854925677260130e-03 2.910473053458610480e+02
1.353076291340965607e-03 2.903240359549233744e+02
1.357310868157129546e-03 2.895985030258434563e+02
1.361558697471268366e-03 2.888706994746705163e+02
1.365819820758295416e-03 2.881406181952835936e+02
1.370094279622923426e-03 2.874082520593223080e+02
1.374382115800068700e-03 2.866735939161180227e+02
1.378683371155262462e-03 2.859366365926229605e+02
1.382998087685059167e-03 2.851973728933405141e+02
1.387326307517442207e-03 2.844557956002556693e+02
1.391668072912240900e-03 2.837118974727636100e+02
1.396023426261540313e-03 2.829656712475990048e+02
1.400392410090093914e-03 2.822171096387663169e+02
1.404775067055741853e-03 2.814662053374672723e+02
1.409171439949826214e-03 2.807129510120298050e+02
1.413581571697605614e-03 2.799573393078375148e+02
1.418005505358681077e-03 2.791993628472563387e+02
1.422443284127410850e-03 2.784390142295632700e+02
1.426894951333332806e-03 2.776762860308746212e+02
1.431360550441590322e-03 2.769111708040724125e+02
1.435840125053354900e-03 2.761436610787323502e+02
1.440333718906249873e-03 2.753737493610509546e+02
1.444841375874782131e-03 2.746014281337720035e+02
1.449363139970766701e-03 2.738266898561133758e+02
1.453899055343756738e-03 2.730495269636935518e+02
1.458449166281477636e-03 2.722699318684571494e+02
1.463013517210254646e-03 2.714878969586018229e+02
1.467592152695450887e-03 2.707034145985030591e+02
1.472185117441902544e-03 2.699164771286398263e+02
1.476792456294349302e-03 2.691270768655203369e+02
1.481414214237880599e-03 2.683352061016062748e+02
1.486050436398369742e-03 2.675408571052377624e+02
1.490701168042913877e-03 2.667440221205586681e+02
1.495366454580279595e-03 2.659446933674394131e+02
1.500046341561345285e-03 2.651428630414019381e+02
1.504740874679541323e-03 2.642761447554606207e+02
1.509450099771303270e-03 2.633904600562189557e+02
1.514174062816515736e-03 2.625020035251758941e+02
1.518912809938959300e-03 2.616107664876288936e+02
1.523666387406765214e-03 2.607167402417268818e+02
1.528434841632865570e-03 2.598199160583851608e+02
1.533218219175443023e-03 2.589202851812015069e+02
1.538016566738391582e-03 2.580178388263688589e+02
1.542829931171768934e-03 2.571125681825905644e+02
1.547658359472251378e-03 2.562044644109946603e+02
1.552501898783598946e-03 2.552935186450467313e+02
1.557360596397112072e-03 2.543797219904637075e+02
1.562234499752091291e-03 2.534630655251273765e+02
1.567123656436304746e-03 2.525435402989966178e+02
1.572028114186451581e-03 2.516211373340202613e+02
1.576947920888624672e-03 2.506958476240498896e+02
1.581883124578783127e-03 2.497676621347513333e+02
1.586833773443218926e-03 2.488365718035162502e+02
1.591799915819025512e-03 2.479025675393747861e+02
1.596781600194573537e-03 2.469656402229055061e+02
1.601778875209982928e-03 2.460257807061469464e+02
1.606791789657594730e-03 2.450829798125085688e+02
1.611820392482452924e-03 2.441372283366805505e+02
1.616864732782778659e-03 2.431885170445441133e+02
1.621924859810448599e-03 2.422368366730820526e+02
1.627000822971481084e-03 2.412821779302868492e+02
1.632092671826511658e-03 2.403245314950716534e+02
1.637200456091282693e-03 2.393638880171777998e+02
1.642324225637127382e-03 2.384002381170841431e+02
1.647464030491452422e-03 2.374335723859159373e+02
1.652619920838232408e-03 2.364638813853520958e+02
1.657791947018498165e-03 2.354911556475333327e+02
1.662980159530823765e-03 2.339721347798266322e+02
1.668184609031827213e-03 2.320341018303184057e+02
1.673405346336659209e-03 2.300900036282817496e+02
1.678642422419500142e-03 2.281398211919510572e+02
1.683895888414060557e-03 2.261835354801546032e+02
1.689165795614078810e-03 2.242211273921296879e+02
1.694452195473819360e-03 2.222525777673369589e+02
1.699755139608580181e-03 2.202778673852713212e+02
1.705074679795193443e-03 2.182969769652754906e+02
1.710410867972529886e-03 2.163098871663524392e+02
1.715763756242009476e-03 2.143165785869748561e+02
1.721133396868109030e-03 2.123170317648964271e+02
1.726519842278869191e-03 2.103112271769629444e+02
1.731923145066411370e-03 2.082991452389198344e+02
1.737343357987449063e-03 2.062807663052216469e+02
1.742780533963799805e-03 2.042560706688415451e+02
1.748234726082907977e-03 2.022250385610765591e+02
1.753705987598359146e-03 2.001876501513558537e+02
1.759194371930399188e-03 1.981438855470480860e+02
1.764699932666459687e-03 1.960874867693805754e+02
1.770222723561679437e-03 1.940039999223242830e+02
1.775762798539425513e-03 1.919139926113775232e+02
1.781320211691827344e-03 1.898174444301474750e+02
1.786895017280296918e-03 1.877143349083791861e+02
1.792487269736064807e-03 1.856046435117530109e+02
1.798097023660709046e-03 1.834883496416854598e+02
1.803724333826686385e-03 1.813654326351284851e+02
1.809369255177870712e-03 1.792358717643666921e+02
1.815031842830088426e-03 1.770996462368149196e+02
1.820712152071653385e-03 1.749567351948169005e+02
1.826410238363911391e-03 1.728071177154394036e+02
1.832126157341780123e-03 1.706507728102689327e+02
1.837859964814289289e-03 1.684876794252078298e+02
1.843611716765130313e-03 1.663178164402666539e+02
1.849381469353201255e-03 1.641411626693590335e+02
1.855169278913151084e-03 1.619576968600958367e+02
1.860975201955937172e-03 1.597673976935755604e+02
1.866799295169371950e-03 1.575702437841773360e+02
1.872641615418675848e-03 1.553662136793528248e+02
1.878502219747035882e-03 1.531552858594153008e+02
1.884381165376162277e-03 1.509374387373296713e+02
1.890278509706841631e-03 1.487126506585039465e+02
1.896194310319505904e-03 1.464808999005743715e+02
1.902128624974788827e-03 1.442421646731955320e+02
1.908081511614090125e-03 1.419964231178278737e+02
1.914053028360143639e-03 1.397436533075228340e+02
1.920043233517585010e-03 1.374838332467089685e+02
1.926052185573515901e-03 1.352169408709791867e+02
1.932079943198082095e-03 1.331984066782972604e+02
1.938126565245042697e-03 1.320348039383559922e+02
1.944192110752342162e-03 1.308675595965205503e+02
1.950276638942692944e-03 1.296966622560623250e+02
1.956380209224149909e-03 1.285221004845857351e+02
1.962502881190688643e-03 1.273438628139168571e+02
1.968644714622791361e-03 1.261619377399906199e+02
1.974805769488029768e-03 1.249763137227389649e+02
1.980986105941646633e-03 1.237869791859784812e+02
1.987185784327149922e-03 1.225939225172964058e+02
1.993404865176893505e-03 1.213971320679387134e+02
1.999643409212676932e-03 1.201965961526948234e+02
2.005901477346333506e-03 1.189923030497842262e+02
2.012179130680322690e-03 1.177842410007425826e+02
2.018476430508333360e-03 1.165723982103059200e+02
2.024793438315877075e-03 1.153567628462957657e+02
2.031130215780889599e-03 1.141373230395042953e+02
2.037486824774334144e-03 1.129140668835775045e+02
2.043863327360805494e-03 1.116869824348991784e+02
2.050259785799132383e-03 1.104560577124751859e+02
2.056676262542991591e-03 1.092212806978150610e+02
2.063112820241514659e-03 1.080570136412978286e+02
2.069569521739895047e-03 1.070785218819975881e+02
2.076046430080009594e-03 1.060969678426579605e+02
2.082543608501031315e-03 1.051123419395915590e+02
2.089061120440042184e-03 1.041246345591182774e+02
2.095599029532659811e-03 1.031338360574707167e+02
2.102157399613654998e-03 1.021399367607005502e+02
2.108736294717572773e-03 1.011429269645842339e+02
2.115335779079362526e-03 1.001427969345275386e+02
2.121955917135002947e-03 9.913953690547103292e+01
2.128596773522129122e-03 9.813313708179492778e+01
2.135258413080667016e-03 9.712358763722279775e+01
2.141940900853465772e-03 9.611087871472599886e+01
2.148644302086929591e-03 9.509500042642768847e+01
2.155368682231660442e-03 9.407594285350570829e+01
2.162114106943092105e-03 9.305369604609609269e+01
2.168880642082132021e-03 9.202825002319612224e+01
2.175668353715809206e-03 9.099959477256615514e+01
2.182477308117910467e-03 8.996772025063285128e+01
2.189307571769636557e-03 8.893261638239012257e+01
2.196159211360247058e-03 8.789427306130126283e+01
2.203032293787707437e-03 8.685268014920079338e+01
2.209926886159352139e-03 8.580782747619417705e+01
2.216843055792531211e-03 8.475970484055949328e+01
2.223780870215270791e-03 8.370830200864791948e+01
2.230740397166931441e-03 8.265360871478318927e+01
2.237721704598873412e-03 8.159561466116146278e+01
2.244724860675112801e-03 8.053430951775153801e+01
2.251749933772993761e-03 7.496686161815480887e+01
2.258796992483855064e-03 6.882642736915386195e+01
2.265866105613693199e-03 6.266677606589148297e+01
2.272957342183844123e-03 5.648784756682655939e+01
2.280070771431653293e-03 5.028958154219839827e+01
2.287206462811144404e-03 4.407191747344316468e+01
2.294364485993710678e-03 3.783479465259455310e+01
2.301544910868785331e-03 3.157815218169631422e+01
2.308747807544525923e-03 2.530192897220797121e+01
2.315973246348502611e-03 1.900606374440456747e+01
2.323221297828381628e-03 1.269049502678081964e+01
2.330492032752611801e-03 6.355161155453638244e+00
2.337785522111121474e-03 2.735538269936219181e-07
