1.000000000000000082e-05 7.819916198561730957e+10
1.007072300075525141e-05 7.816043404167146301e+10
1.014194617579408634e-05 7.812145477455758667e+10
1.021367306249912861e-05 7.808222271249018860e+10
1.028590722327043274e-05 7.804273637730946350e+10
1.035865224570241299e-05 7.800299428448561096e+10
1.043191174276203367e-05 7.796299494312640381e+10
1.050568935296824122e-05 7.792273685598469543e+10
1.057998874057268379e-05 7.788221851946565247e+10
1.065481359574169626e-05 7.784143842363517761e+10
1.073016763473956935e-05 7.780039505223027039e+10
1.080605460011313504e-05 7.775908688266806030e+10
1.088247826087764462e-05 7.771751238605654907e+10
1.095944241270395273e-05 7.767567002720634460e+10
1.103695087810703136e-05 7.763355826464276123e+10
1.111500750663583736e-05 7.759117555061804199e+10
1.119361617506448270e-05 7.754852033112641907e+10
1.127278078758479045e-05 7.750559104591641235e+10
1.135250527600020606e-05 7.746238612850807190e+10
1.143279359992106216e-05 7.741890400620748901e+10
1.151364974696124942e-05 7.737514310012419128e+10
1.159507773293625460e-05 7.733110182518841553e+10
1.167708160206261981e-05 7.728677859016992188e+10
1.175966542715880119e-05 7.724217179769683838e+10
1.184283330984744710e-05 7.719727984427537537e+10
1.192658938075911463e-05 7.715210112031207275e+10
1.201093779973742102e-05 7.710663401013380432e+10
1.209588275604562820e-05 7.706087689201243591e+10
1.218142846857476044e-05 7.701482813818646240e+10
1.226757918605306552e-05 7.696848611488751221e+10
1.235433918725710201e-05 7.692184918236386108e+10
1.244171278122420403e-05 7.687491569490823364e+10
1.252970430746651793e-05 7.682768400088487244e+10
1.261831813618652311e-05 7.678015244275712585e+10
1.270755866849407738e-05 7.673231935711802673e+10
1.279743033662500740e-05 7.668418307471923828e+10
1.288793760416124916e-05 7.663574192050328064e+10
1.297908496625252493e-05 7.658699421363560486e+10
1.307087694983959918e-05 7.653793826753826904e+10
1.316331811387913188e-05 7.648857238992326355e+10
1.325641304957008202e-05 7.643889488282963562e+10
1.335016638058175081e-05 7.638890404265924072e+10
1.344458276328341239e-05 7.633859816021391296e+10
1.353966688697558766e-05 7.628797552073521423e+10
1.363542347412293090e-05 7.623703440394392395e+10
1.373185728058879528e-05 7.618577308408166504e+10
1.382897309587140589e-05 7.613418982995184326e+10
1.392677574334177441e-05 7.608228290496478271e+10
1.402527008048323324e-05 7.603005056718020630e+10
1.412446099913269588e-05 7.597749106935574341e+10
1.422435342572361480e-05 7.592460265899156189e+10
1.432495232153065874e-05 7.587138357837956238e+10
1.442626268291611462e-05 7.581783206465365601e+10
1.452828954157804954e-05 7.576394634983918762e+10
1.463103796480020245e-05 7.570972466090603638e+10
1.473451305570367151e-05 7.565516521982122803e+10
1.483871995350035313e-05 7.560026624360464478e+10
1.494366383374819199e-05 7.554502594438372803e+10
1.504934990860823175e-05 7.548944252945262146e+10
1.515578342710348872e-05 7.543351420132926941e+10
1.526296967537963469e-05 7.537723915781628418e+10
1.537091397696756188e-05 7.532061559206254578e+10
1.547962169304777246e-05 7.526364169262628174e+10
1.558909822271661451e-05 7.520631564353945923e+10
1.569934900325450181e-05 7.514863562437304688e+10
1.581037951039591745e-05 7.509059981030531311e+10
1.592219525860137237e-05 7.503220637218969727e+10
1.603480180133130535e-05 7.497345347662635803e+10
1.614820473132189384e-05 7.491433928603274536e+10
1.626240968086281984e-05 7.485486195871792603e+10
1.637742232207700755e-05 7.479501964895712280e+10
1.649324836720233978e-05 7.473481050706889343e+10
1.660989356887535980e-05 7.467423267949223328e+10
1.672736372041698567e-05 7.461328430886692810e+10
1.684566465612022705e-05 7.455196353411593628e+10
1.696480225153998222e-05 7.449026849052630615e+10
1.708478242378481729e-05 7.442819730983583069e+10
1.720561113181087978e-05 7.436574812031904602e+10
1.732729437671784521e-05 7.430291904687446594e+10
1.744983820204696424e-05 7.423970821111550903e+10
1.757324869408119698e-05 7.417611373146154785e+10
1.769753198214757658e-05 7.411213372323155212e+10
1.782269423892153130e-05 7.404776629873944092e+10
1.794874168073352057e-05 7.398300956739051819e+10
1.807568056787775136e-05 7.391786163578036499e+10
1.820351720492312744e-05 7.385232060779614258e+10
1.833225794102632622e-05 7.378638458471852112e+10
1.846190917024719664e-05 7.372005166532630920e+10
1.859247733186627447e-05 7.365331994600219727e+10
1.872396891070463558e-05 7.358618752084169006e+10
1.885639043744594118e-05 7.351865248176351929e+10
1.898974848896082439e-05 7.345071291862022400e+10
1.912404968863350952e-05 7.338236691931375122e+10
1.925930070669077930e-05 7.331361256991128540e+10
1.939550826053326987e-05 7.324444795476269531e+10
1.953267911506908987e-05 7.317487115662129211e+10
1.967082008304981135e-05 7.310488025676588440e+10
1.980993802540879846e-05 7.303447333512487793e+10
1.995003985160206025e-05 7.296364847040286255e+10
2.009113251995126514e-05 7.289240374020938110e+10
2.023322303798951672e-05 7.282073722118856812e+10
2.037631846280920647e-05 7.274864698915306091e+10
2.052042590141265826e-05 7.267613111921871948e+10
2.066555251106502944e-05 7.260318768594104004e+10
2.081170549964980374e-05 7.252981476345533752e+10
2.095889212602678806e-05 7.245601042561853027e+10
2.110711970039261311e-05 7.238177274615199280e+10
2.125639558464381573e-05 7.230709979878849792e+10
2.140672719274248952e-05 7.223198965742071533e+10
2.155812199108446628e-05 7.215644039625148010e+10
2.171058749887019791e-05 7.208045008994715881e+10
2.186413128847815562e-05 7.200401681379310608e+10
2.201876098584095318e-05 7.192713864385145569e+10
2.217448427082409609e-05 7.184981365712144470e+10
2.233130887760736993e-05 7.177203993170156860e+10
2.248924259506906135e-05 7.169381554695510864e+10
2.264829326717266247e-05 7.161513858367793274e+10
2.280846879335661444e-05 7.153600712426727295e+10
2.296977712892648709e-05 7.145641925289550781e+10
2.313222628545019097e-05 7.137637305568443298e+10
2.329582433115584905e-05 7.129586662088270569e+10
2.346057939133250426e-05 7.121489803904586792e+10
2.362649964873369006e-05 7.113346540322021484e+10
2.379359334398382667e-05 7.105156680912538147e+10
2.396186877598750065e-05 7.096920035534475708e+10
2.413133430234164122e-05 7.088636414351397705e+10
2.430199833975061732e-05 7.080305627851547241e+10
2.447386936444424828e-05 7.071927486867303467e+10
2.464695591259880299e-05 7.063501802595025635e+10
2.482126658076093983e-05 7.055028386615242004e+10
2.499681002627468924e-05 7.046507050912937927e+10
2.517359496771140085e-05 7.037937607898229980e+10
2.535163018530280093e-05 7.029319870427317810e+10
2.553092452137699416e-05 7.020653651823638916e+10
2.571148688079777212e-05 7.011938765899375916e+10
2.589332623140670021e-05 7.003175026977151489e+10
2.607645160446868060e-05 6.994362249912101746e+10
2.626087209512039186e-05 6.985500250114282227e+10
2.644659686282206922e-05 6.976588843571078491e+10
2.663363513181239513e-05 6.967627846870204163e+10
2.682199619156662212e-05 6.958617077222866821e+10
2.701168939725797537e-05 6.949556352487239075e+10
2.720272417022226720e-05 6.940445491192167664e+10
2.739510999842582182e-05 6.931284312561183167e+10
2.758885643693671021e-05 6.922072636536940002e+10
2.778397310839931562e-05 6.912810283805703735e+10
2.798046970351223631e-05 6.903497075822401428e+10
2.817835598150962050e-05 6.894132834835720825e+10
2.837764177064582504e-05 6.884717383913708496e+10
2.857833696868360460e-05 6.875250546969554138e+10
2.878045154338560081e-05 6.865732148787638855e+10
2.898399553300954820e-05 6.856162015050076294e+10
2.918897904680666164e-05 6.846539972363285828e+10
2.939541226552391332e-05 6.836865848285082245e+10
2.960330544190947083e-05 6.827139471351982880e+10
2.981266890122208588e-05 6.817360671106835938e+10
3.002351304174380670e-05 6.807529278126722717e+10
3.023584833529646487e-05 6.797645124051210022e+10
3.044968532776175013e-05 6.787708041610868073e+10
3.066503463960499866e-05 6.777717864656218719e+10
3.088190696640266079e-05 6.767674428186671448e+10
3.110031307937351263e-05 6.757577568380226135e+10
3.132026382591362177e-05 6.747427122623159027e+10
3.154177013013510089e-05 6.737222929539990234e+10
3.176484299340867639e-05 6.726964829024089813e+10
3.198949349490999079e-05 6.716652662268254089e+10
3.221573279217007245e-05 6.706286271795668030e+10
3.244357212162922064e-05 6.695865501491381836e+10
3.267302279919534252e-05 6.685390196633853912e+10
3.290409622080571218e-05 6.674860203926890564e+10
3.313680386299322229e-05 6.664275371531943512e+10
3.337115728345611885e-05 6.653635549100708771e+10
3.360716812163228951e-05 6.642940587807910919e+10
3.384484809927709584e-05 6.632190340384580994e+10
3.408420902104575262e-05 6.621384661151538086e+10
3.432526277507950844e-05 6.610523406053194427e+10
3.456802133359612934e-05 6.599606432691670990e+10
3.481249675348448207e-05 6.588633600361266327e+10
3.505870117690337281e-05 6.577604770083153534e+10
3.530664683188460077e-05 6.566519804640450287e+10
3.555634603294028078e-05 6.555378568613588715e+10
3.580781118167446209e-05 6.544180928415956879e+10
3.606105476739899585e-05 6.532926752329897308e+10
3.631608936775400370e-05 6.521615910542885590e+10
3.657292764933233755e-05 6.510248275184259796e+10
3.683158236830890472e-05 6.498823720361969757e+10
3.709206637107399112e-05 6.487342122199800873e+10
3.735439259487155137e-05 6.475803358874845123e+10
3.761857406844143595e-05 6.464207310655297089e+10
3.788462391266684290e-05 6.452553859938494110e+10
3.815255534122564545e-05 6.440842891289285278e+10
3.842238166124687645e-05 6.429074291478700256e+10
3.869411627397156996e-05 6.417247949522869873e+10
3.896777267541835966e-05 6.405363756722279358e+10
3.924336445705377339e-05 6.393421606701324463e+10
3.952090530646725733e-05 6.381421395448036194e+10
3.980040900805101149e-05 6.369363021354183960e+10
4.008188944368458879e-05 6.357246385255725861e+10
4.036536059342434604e-05 6.345071390473307800e+10
4.065083653619782798e-05 6.332837942853308105e+10
4.093833145050296247e-05 6.320545950808898163e+10
4.122785961511220916e-05 6.308195325361597443e+10
4.151943540978193944e-05 6.295785980182879639e+10
4.181307331596628186e-05 6.283317831636279297e+10
4.210878791753674787e-05 6.270790798819437408e+10
4.240659390150620093e-05 6.258204803606772614e+10
4.270650605875861276e-05 6.245559770692080688e+10
4.300853928478337308e-05 6.232855627631562805e+10
4.331270858041539316e-05 6.220092304887010956e+10
4.361902905257987136e-05 6.207269735869332886e+10
4.392751591504276437e-05 6.194387856982164764e+10
4.423818448916636085e-05 6.181446607665802002e+10
4.455105020467018816e-05 6.168445930441335297e+10
4.486612860039740770e-05 6.155385770955071259e+10
4.518343532508652295e-05 6.142266078023014069e+10
4.550298613814862366e-05 6.129086803675688171e+10
4.582479691045007140e-05 6.115847903203129578e+10
4.614888362510080264e-05 6.102549335200045776e+10
4.647526237824797828e-05 6.089191061611183167e+10
4.680394937987573863e-05 6.075773047776958466e+10
4.713496095460989823e-05 6.062295262479072571e+10
4.746831354252908496e-05 6.048757677986501312e+10
4.780402369998094095e-05 6.035160270101625824e+10
4.814210810040475425e-05 6.021503018206356812e+10
4.848258353515916584e-05 6.007785905308626556e+10
4.882546691435655806e-05 5.994008918088897705e+10
4.917077526770251175e-05 5.980172046946855164e+10
4.951852574534191756e-05 5.966275286048220825e+10
4.986873561871059645e-05 5.952318633371714020e+10
5.022142228139315438e-05 5.938302090756119537e+10
5.057660324998683384e-05 5.924225663947428131e+10
5.093429616497152521e-05 5.910089362646157074e+10
5.129451879158587659e-05 5.895893200554714966e+10
5.165728902070963790e-05 5.881637195424825287e+10
5.202262486975225937e-05 5.867321369105110168e+10
5.239054448354760234e-05 5.852945747588687134e+10
5.276106613525543301e-05 5.838510361060827637e+10
5.313420822726856084e-05 5.824015243946630096e+10
5.350998929212727500e-05 5.809460434958856964e+10
5.388842799343931700e-05 5.794845977145707703e+10
5.426954312680728017e-05 5.780171917938549042e+10
5.465335362076168755e-05 5.765438309199839020e+10
5.503987853770153730e-05 5.750645207270909119e+10
5.542913707484062145e-05 5.735792673019782257e+10
5.582114856516131891e-05 5.720880771888966370e+10
5.621593247837461578e-05 5.705909573943232727e+10
5.661350842188714598e-05 5.690879153917332458e+10
5.701389614177500130e-05 5.675789591263668060e+10
5.741711552376446676e-05 5.660640970199915314e+10
5.782318659421962722e-05 5.645433379756544495e+10
5.823212952113703472e-05 5.630166913824269867e+10
5.864396461514736900e-05 5.614841671201371765e+10
5.905871233052417246e-05 5.599457755640989685e+10
5.947639326619979497e-05 5.584015275898171997e+10
5.989702816678827769e-05 5.568514345776875305e+10
6.032063792361602272e-05 5.552955084176756287e+10
6.074724357575890705e-05 5.537337615139849854e+10
6.117686631108772448e-05 5.521662067897070312e+10
6.160952746731999724e-05 5.505928576914450073e+10
6.204524853308023089e-05 5.490137281939228058e+10
6.248405114896668792e-05 5.474288328045743561e+10
6.292595710862668591e-05 5.458381865681053925e+10
6.337098835983850931e-05 5.442418050710280609e+10
6.381916700560190002e-05 5.426397044461771393e+10
6.427051530523558167e-05 5.410319013771921539e+10
6.472505567548286125e-05 5.394184131029709625e+10
6.518281069162494210e-05 5.377992574220923615e+10
6.564380308860226000e-05 5.361744526972105408e+10
6.610805576214355778e-05 5.345440178594114685e+10
6.657559176990298299e-05 5.329079724125297546e+10
6.704643433260545264e-05 5.312663364374386597e+10
6.752060683519959378e-05 5.296191305962923431e+10
6.799813282801971006e-05 5.279663761367282867e+10
6.847903602795484988e-05 5.263080948960340881e+10
6.896334031962729342e-05 5.246443093052592468e+10
6.945106975657823619e-05 5.229750423932933807e+10
6.994224856246302705e-05 5.213003177908889771e+10
7.043690113225371102e-05 5.196201597346289825e+10
7.093505203345112670e-05 5.179345930708661652e+10
7.143672600730468787e-05 5.162436432595777130e+10
7.194194797004143510e-05 5.145473363781915283e+10
7.245074301410338151e-05 5.128456991253430176e+10
7.296313640939389796e-05 5.111387588245732880e+10
7.347915360453260937e-05 5.094265434279751587e+10
7.399882022811947956e-05 5.077090815197629547e+10
7.452216209000756973e-05 5.059864023197895813e+10
7.504920518258503977e-05 5.042585356869994354e+10
7.557997568206598581e-05 5.025255121227957916e+10
7.611449994979041218e-05 5.007873627743578339e+10
7.665280453353393410e-05 4.990441194378742218e+10
7.719491616882562539e-05 4.972958145617035675e+10
7.774086178027659981e-05 4.955424812494615173e+10
7.829066848291661555e-05 4.937841532630292511e+10
7.884436358354130479e-05 4.920208650254727173e+10
7.940197458206788722e-05 4.902526516238966370e+10
7.996352917290153585e-05 4.884795488121949005e+10
8.052905524631030797e-05 4.867015930137297058e+10
8.109858088981076909e-05 4.849188213239089203e+10
8.167213438956276482e-05 4.831312715126843262e+10
8.224974423177438426e-05 4.813389820269447327e+10
8.283143910411668118e-05 4.795419919928249359e+10
8.341724789714858679e-05 4.777403412179080963e+10
8.400719970575170215e-05 4.759340701933354187e+10
8.460132383057535001e-05 4.741232200958055115e+10
8.519964977949185867e-05 4.723078327894815063e+10
8.580220726906209164e-05 4.704879508277815247e+10
8.640902622601134495e-05 4.686636174550607300e+10
8.702013678871559858e-05 4.668348766081929779e+10
8.763556930869869125e-05 4.650017729180296326e+10
8.825535435213923948e-05 4.631643517107413483e+10
8.887952270138944216e-05 4.613226590090541840e+10
8.950810535650307383e-05 4.594767415333575439e+10
9.014113353677602751e-05 4.576266467026862335e+10
9.077863868229605975e-05 4.557724226355922699e+10
9.142065245550499042e-05 4.539141181508735657e+10
9.206720674277061971e-05 4.520517827681874847e+10
9.271833365597091008e-05 4.501854667085278320e+10
9.337406553408860376e-05 4.483152208945652008e+10
9.403443494481744116e-05 4.464410969508641052e+10
9.469947468617965494e-05 4.445631472039443207e+10
9.536921778815491606e-05 4.426814246822205353e+10
9.604369751432086718e-05 4.407959831157915497e+10
9.672294736350512149e-05 4.389068769360801697e+10
9.740700107144910651e-05 4.370141612753408051e+10
9.809589261248334612e-05 4.351178919660037231e+10
9.878965620121538723e-05 4.332181255398789215e+10
9.948832629422829730e-05 4.313149192272060394e+10
1.001919375917929042e-04 4.294083309555393982e+10
1.009005250395903495e-04 4.274984193484918213e+10
1.016141238304483840e-04 4.255852437243058777e+10
1.023327694060888849e-04 4.236688640942709351e+10
1.030564974588882884e-04 4.217493411609750366e+10
1.037853439336501517e-04 4.198267363163936615e+10
1.045193450293905088e-04 4.179011116398033905e+10
1.052585372011357218e-04 4.159725298955390930e+10
1.060029571617329897e-04 4.140410545305668640e+10
1.067526418836738144e-04 4.121067496718929291e+10
1.075076286009302319e-04 4.101696801237904358e+10
1.082679548108041368e-04 4.082299113648596191e+10
1.090336582757895343e-04 4.062875095448933411e+10
1.098047770254481967e-04 4.043425414815779114e+10
1.105813493582983030e-04 4.023950746570011902e+10
1.113634138437166716e-04 4.004451772139788818e+10
1.121510093238543420e-04 3.984929179522007751e+10
1.129441749155656689e-04 3.965383663241749573e+10
1.137429500123512125e-04 3.945815924310041809e+10
1.145473742863140320e-04 3.926226670179499054e+10
1.153574876901303589e-04 3.906616614698162079e+10
1.161733304590336594e-04 3.886986478061399078e+10
1.169949431128131041e-04 3.867336986761802673e+10
1.178223664578259149e-04 3.847668873537139893e+10
1.186556415890241585e-04 3.827982877316339874e+10
1.194948098919957035e-04 3.808279743163482666e+10
1.203399130450197454e-04 3.788560222219759369e+10
1.211909930211367380e-04 3.768825071643437195e+10
1.220480920902330979e-04 3.749075054547785950e+10
1.229112528211405854e-04 3.729310939936977386e+10
1.237805180837504176e-04 3.709533502639922333e+10
1.246559310511426957e-04 3.689743523242071533e+10
1.255375352017303471e-04 3.669941788015090942e+10
1.264253743214188014e-04 3.650129088844527435e+10
1.273194925057804941e-04 3.630306223155387878e+10
1.282199341622450089e-04 3.610473993835565948e+10
1.291267440123044802e-04 3.590633209157247925e+10
1.300399670937350154e-04 3.570784682696160126e+10
1.309596487628333764e-04 3.550929233248731995e+10
1.318858346966695185e-04 3.531067684747190857e+10
1.328185708953554455e-04 3.511200866172454834e+10
1.337579036843298413e-04 3.491329611465001678e+10
1.347038797166586106e-04 3.471454759433559418e+10
1.356565459753522802e-04 3.451577153661710358e+10
1.366159497756992832e-04 3.431697642412372589e+10
1.375821387676158861e-04 3.411817078530170059e+10
1.385551609380130018e-04 3.391936319341689301e+10
1.395350646131793206e-04 3.372056226553616714e+10
1.405218984611815436e-04 3.352177666148742676e+10
1.415157114942815306e-04 3.332301508279997253e+10
1.425165530713705235e-04 3.312428627162162399e+10
1.435244729004207711e-04 3.292559900961715317e+10
1.445395210409541496e-04 3.272696211684483719e+10
1.455617479065285358e-04 3.252838445061209488e+10
1.465912042672414472e-04 3.232987490431122208e+10
1.476279412522520042e-04 3.213144240623404694e+10
1.486720103523199422e-04 3.193309591836641693e+10
1.497234634223631360e-04 3.173484443516236877e+10
1.507823526840330137e-04 3.153669698229826736e+10
1.518487307283081851e-04 3.133866261540649796e+10
1.529226505181064202e-04 3.114075041879021454e+10
1.540041653909151405e-04 3.094296950411740494e+10
1.550933290614405044e-04 3.074532900909599686e+10
1.561901956242751682e-04 3.054783809613029480e+10
1.572948195565850471e-04 3.035050595095675278e+10
1.584072557208148066e-04 3.015334178126248550e+10
1.595275593674128686e-04 2.995635481528426743e+10
1.606557861375753650e-04 2.975955430038947678e+10
1.617919920660097148e-04 2.956294950163842392e+10
1.629362335837175265e-04 2.936654970032966232e+10
1.640885675207974514e-04 2.917036419252661514e+10
1.652490511092676864e-04 2.897440228756785583e+10
1.664177419859082642e-04 2.877867330655957794e+10
1.675946981951239440e-04 2.858318658085195160e+10
1.687799781918269146e-04 2.838795145049863052e+10
1.699736408443401257e-04 2.819297726270035172e+10
1.711757454373208657e-04 2.799827337023307037e+10
1.723863516747053200e-04 2.780384912986006165e+10
1.736055196826738630e-04 2.760971390072981644e+10
1.748333100126372227e-04 2.741587704275880051e+10
1.760697836442439216e-04 2.722234791500005341e+10
1.773150019884088058e-04 2.702913587399797058e+10
1.785690268903632042e-04 2.683625027213024902e+10
1.798319206327263914e-04 2.664370045593553543e+10
1.811037459385990336e-04 2.645149576443001938e+10
1.823845659746785081e-04 2.625964552741099167e+10
1.836744443543958795e-04 2.606815906374906540e+10
1.849734451410755089e-04 2.587704567966918564e+10
1.862816328511169976e-04 2.568631466702133179e+10
1.875990724571989228e-04 2.549597530154034805e+10
1.889258293915064267e-04 2.530603684109675980e+10
1.902619695489806513e-04 2.511650852393825150e+10
1.916075592905914842e-04 2.492739956692250061e+10
1.929626654466335333e-04 2.473871916374193192e+10
1.943273553200453030e-04 2.455047648314102173e+10
1.957016966897518709e-04 2.436268066712673187e+10
1.970857578140312275e-04 2.417534082917254257e+10
1.984796074339043590e-04 2.398846605241664505e+10
1.998833147765493733e-04 2.380206538785487747e+10
2.012969495587398029e-04 2.361614785252948761e+10
2.027205819903070861e-04 2.343072242771330643e+10
2.041542827776276592e-04 2.324579805709153748e+10
2.055981231271346603e-04 2.306138364493957520e+10
2.070521747488545425e-04 2.287748805429981995e+10
2.085165098599685426e-04 2.269412010515710068e+10
2.099912011883994388e-04 2.251128857261222076e+10
2.114763219764238952e-04 2.232900218505685043e+10
2.129719459843095537e-04 2.214726962234846497e+10
2.144781474939791498e-04 2.196609951398598099e+10
2.159950013126993469e-04 2.178550043728859329e+10
2.175225827767962171e-04 2.160548091557630920e+10
2.190609677553969573e-04 2.142604941635441971e+10
2.206102326541981159e-04 2.124721434950179291e+10
2.221704544192600289e-04 2.106898406546446609e+10
2.237417105408288497e-04 2.089136685345398331e+10
2.253240790571848704e-04 2.071437093965316772e+10
2.269176385585186528e-04 2.053800448542793274e+10
2.285224681908340754e-04 2.036227558554730225e+10
2.301386476598793246e-04 2.018719226641212463e+10
2.317662572351055611e-04 2.001276248429270554e+10
2.334053777536536129e-04 1.983899412357683945e+10
2.350560906243687480e-04 1.966589499502823639e+10
2.367184778318441260e-04 1.949347283405688858e+10
2.383926219404925188e-04 1.932173529900159454e+10
2.400786060986470345e-04 1.915068996942557526e+10
2.417765140426904910e-04 1.898034434442578506e+10
2.434864301012148492e-04 1.881070584095717621e+10
2.452084391992090254e-04 1.864178179217217255e+10
2.469426268622770338e-04 1.847357944577602005e+10
2.486890792208855112e-04 1.830610596239979172e+10
2.504478830146416538e-04 1.813936841399009705e+10
2.522191255966012399e-04 1.797337378221816254e+10
2.540028949376070110e-04 1.780812895690750504e+10
2.557992796306578437e-04 1.764364073448185730e+10
2.576083688953090928e-04 1.747991581643366241e+10
2.594302525821032919e-04 1.731696080781438446e+10
2.612650211770332171e-04 1.715478221574634743e+10
2.631127658060356347e-04 1.699338644795852089e+10
2.649735782395173564e-04 1.683277981134501839e+10
2.668475508969128467e-04 1.667296851054885864e+10
2.687347768512748426e-04 1.651395864657047081e+10
2.706353498338964704e-04 1.635575621540191650e+10
2.725493642389665932e-04 1.619836710668836212e+10
2.744769151282581716e-04 1.604179710241619682e+10
2.764180982358496936e-04 1.588605187562944603e+10
2.783730099728796178e-04 1.573113698917496872e+10
2.803417474323349691e-04 1.557705789447670746e+10
2.823244083938735989e-04 1.542381993034041786e+10
2.843210913286801640e-04 1.527142832178850937e+10
2.863318954043574506e-04 1.511988817892682648e+10
2.883569204898509832e-04 1.496920449584298515e+10
2.903962671604095203e-04 1.481938214953738403e+10
2.924500367025803537e-04 1.467042589888750839e+10
2.945183311192393558e-04 1.452234038364600372e+10
2.966012531346575104e-04 1.437513012347294044e+10
2.986989061996026809e-04 1.422879951700326347e+10
3.008113944964773724e-04 1.408335284094964027e+10
3.029388229444936295e-04 1.393879424924117279e+10
3.050812972048835489e-04 1.379512777219887543e+10
3.072389236861471432e-04 1.365235731574811172e+10
3.094118095493369591e-04 1.351048666066846657e+10
3.116000627133811308e-04 1.336951946188173676e+10
3.138037918604426454e-04 1.322945924777840614e+10
3.160231064413173687e-04 1.309030941958265495e+10
3.182581166808700181e-04 1.295207325075716591e+10
3.205089335835086244e-04 1.281475388644726372e+10
3.227756689386978087e-04 1.267835434296519089e+10
3.250584353265106559e-04 1.254287750731476402e+10
3.273573461232204339e-04 1.240832613675677872e+10
3.296725155069314510e-04 1.227470285841562080e+10
3.320040584632497050e-04 1.214201016892685127e+10
3.343520907909940262e-04 1.201025043412676048e+10
3.367167291079472278e-04 1.187942588878358078e+10
3.390980908566479683e-04 1.174953863637080574e+10
3.414962943102238676e-04 1.162059064888271332e+10
3.439114585782656599e-04 1.149258376669255638e+10
3.463437036127427096e-04 1.136551969845293236e+10
3.487931502139609728e-04 1.123940002103945351e+10
3.512599200365618883e-04 1.111422617953672981e+10
3.537441355955653951e-04 1.098999948726749992e+10
3.562459202724545834e-04 1.086672112586475372e+10
3.587653983213030091e-04 1.074439214538672829e+10
3.613026948749465685e-04 1.062301346447510719e+10
3.638579359511981458e-04 1.050258587055595398e+10
3.664312484591062237e-04 1.038311002008383179e+10
3.690227602052583811e-04 1.026458643882866096e+10
3.716325999001285373e-04 1.014701552220537376e+10
3.742608971644698968e-04 1.003039753564630508e+10
3.769077825357522904e-04 9.914732615016014099e+09
3.795733874746459215e-04 9.800020767068510056e+09
3.822578443715502687e-04 9.686261869946666718e+09
3.849612865531692302e-04 9.573455673723505020e+09
3.876838482891335389e-04 9.461601800985160828e+09
3.904256647986687140e-04 9.350699747455318451e+09
3.931868722573115312e-04 9.240748882660762787e+09
3.959676078036724082e-04 9.131748450637725830e+09
3.987680095462478808e-04 9.023697570678604126e+09
4.015882165702788320e-04 8.916595238118919373e+09
4.044283689446589200e-04 8.810440325163763046e+09
4.072886077288907650e-04 8.705231581753717422e+09
4.101690749800923348e-04 8.600967636469415665e+09
4.130699137600521735e-04 8.497646997474592209e+09
4.159912681423345577e-04 8.395268053496837616e+09
4.189332832194353940e-04 8.293829074845885277e+09
4.218961051099882594e-04 8.193328214468538284e+09
4.248798809660214552e-04 8.093763509039911270e+09
4.278847589802665594e-04 7.995132880090339661e+09
4.309108883935188036e-04 7.897434135167334557e+09
4.339584195020489512e-04 7.800664969031898499e+09
4.370275036650680825e-04 7.704822964888732910e+09
4.401182933122451822e-04 7.609905595649474144e+09
4.432309419512773640e-04 7.515910225228411674e+09
4.463656041755147390e-04 7.422834109869796753e+09
4.495224356716371640e-04 7.330674399506330490e+09
4.527015932273879091e-04 7.239428139147695541e+09
4.559032347393603439e-04 7.149092270298675537e+09
4.591275192208397549e-04 7.059663632405962944e+09
4.623746068097009995e-04 6.971138964332812309e+09
4.656446587763622127e-04 6.883514905860842705e+09
4.689378375317941887e-04 6.796787999218012810e+09
4.722543066355869529e-04 6.710954690632046700e+09
4.755942308040729300e-04 6.626011331908448219e+09
4.789577759185079000e-04 6.541954182032121658e+09
4.823451090333097965e-04 6.458779408791738510e+09
4.857563983843552380e-04 6.376483090426178932e+09
4.891918133973358540e-04 6.295061217291754723e+09
4.926515246961721273e-04 6.214509693549632072e+09
4.961357041114884941e-04 6.134824338872297287e+09
4.996445246891469908e-04 6.056000890168268204e+09
5.031781606988416705e-04 5.978035003324051857e+09
5.067367876427550898e-04 5.900922254962329865e+09
5.103205822642723670e-04 5.824658144215601921e+09
5.139297225567620274e-04 5.749238094514047623e+09
5.175643877724148524e-04 5.674657455386854172e+09
5.212247584311469149e-04 5.600911504275922775e+09
5.249110163295651714e-04 5.527995448361048698e+09
5.286233445499966986e-04 5.455904426395500183e+09
5.323619274695821132e-04 5.384633510551028252e+09
5.361269507694319848e-04 5.314177708271450043e+09
5.399186014438497102e-04 5.244531964133546829e+09
5.437370678096184635e-04 5.175691161714632034e+09
5.475825395153543921e-04 5.107650125465477943e+09
5.514552075509251885e-04 5.040403622587848663e+09
5.553552642569363181e-04 4.973946364915525436e+09
5.592829033342840324e-04 4.908273010797842979e+09
5.632383198537749529e-04 4.843378166984982491e+09
5.672217102658154778e-04 4.779256390513633728e+09
5.712332724101682998e-04 4.715902190592467308e+09
5.752732055257772301e-04 4.653310030486256599e+09
5.793417102606648796e-04 4.591474329397711754e+09
5.834389886818962603e-04 4.530389464346149445e+09
5.875652442856156782e-04 4.470049772041973114e+09
5.917206820071527987e-04 4.410449550756154060e+09
5.959055082312017873e-04 4.351583062183689117e+09
6.001199308020712482e-04 4.293444533300232887e+09
6.043641590340069134e-04 4.236028158210871696e+09
6.086384037215878404e-04 4.179328099990375042e+09
6.129428771501955770e-04 4.123338492513824940e+09
6.172777931065575934e-04 4.068053442276974678e+09
6.216433668893651997e-04 4.013467030205326080e+09
6.260398153199665978e-04 3.959573313451225758e+09
6.304673567531357201e-04 3.906366327178165913e+09
6.349262110879171778e-04 3.853840086331355572e+09
6.394165997785471048e-04 3.801988587394027233e+09
6.439387458454530391e-04 3.750805810128490925e+09
6.484928738863298065e-04 3.700285719301352978e+09
6.530792100872936847e-04 3.650422266392067909e+09
6.576979822341179902e-04 3.601209391284228325e+09
6.623494197235451015e-04 3.552641023938786983e+09
6.670337535746801230e-04 3.504711086048668861e+09
6.717512164404641295e-04 3.457413492674038410e+09
6.765020426192302431e-04 3.410742153857613087e+09
6.812864680663391825e-04 3.364690976219446182e+09
6.861047304058990551e-04 3.319253864530608654e+09
6.909570689425668976e-04 3.274424723265101433e+09
6.958437246734341334e-04 3.230197458129608631e+09
7.007649402999958400e-04 3.186565977570463657e+09
7.057209602402049085e-04 3.143524194257343292e+09
7.107120306406114214e-04 3.101066026543246746e+09
7.157383993885877912e-04 3.059185399900311470e+09
7.208003161246398765e-04 3.017876248330960274e+09
7.258980322548068929e-04 2.977132515754066944e+09
7.310318009631461104e-04 2.936948157365680218e+09
7.362018772243094896e-04 2.897317140973942280e+09
7.414085178162047778e-04 2.858233448307981014e+09
7.466519813327513648e-04 2.819691076300227642e+09
7.519325281967221154e-04 2.781684038342093945e+09
7.572504206726776840e-04 2.744206365512598991e+09
7.626059228799925540e-04 2.707252107779717445e+09
7.679993008059726907e-04 2.670815335174269199e+09
7.734308223190661117e-04 2.634890138936046600e+09
7.789007571821668060e-04 2.599470632632143497e+09
7.844093770660128711e-04 2.564550953247139931e+09
7.899569555626795173e-04 2.530125262245160580e+09
7.955437681991671568e-04 2.496187746603583813e+09
8.011700924510857698e-04 2.462732619818372726e+09
8.068362077564360897e-04 2.429754122880906105e+09
8.125423955294883670e-04 2.397246525226266384e+09
8.182889391747591445e-04 2.365204125652966499e+09
8.240761241010862619e-04 2.333621253214074135e+09
8.299042377358052322e-04 2.302492268079764366e+09
8.357735695390229808e-04 2.271811562371332169e+09
8.416844110179957754e-04 2.241573560966645718e+09
8.476370557416067946e-04 2.211772722277219772e+09
8.536317993549460449e-04 2.182403538996869564e+09
8.596689395939947952e-04 2.153460538822143078e+09
8.657487763004120341e-04 2.124938285144604683e+09
8.718716114364273963e-04 2.096831377715111971e+09
8.780377490998375221e-04 2.069134453280242443e+09
8.842474955391102943e-04 2.041842186191064596e+09
8.905011591685945685e-04 2.014949288984404564e+09
8.967990505838378899e-04 1.988450512936841965e+09
9.031414825770128470e-04 1.962340648591634989e+09
9.095287701524522794e-04 1.936614526258811235e+09
9.159612305422938812e-04 1.911267016488713980e+09
9.224391832222362609e-04 1.886293030519173384e+09
9.289629499274063484e-04 1.861687520696697235e+09
9.355328546683381501e-04 1.837445480871861458e+09
9.421492237470657782e-04 1.813561946769290924e+09
9.488123857733281536e-04 1.790031996332485914e+09
9.555226716808922112e-04 1.766850750043825626e+09
9.622804147439871286e-04 1.744013371220128775e+09
9.690859505938573823e-04 1.721515066284076929e+09
9.759396172354327902e-04 1.699351085011842728e+09
9.828417550641148880e-04 1.677516720757358551e+09
9.897927068826843037e-04 1.656007310653535128e+09
9.967928179183248999e-04 1.634818235790822506e+09
1.003842435839772274e-03 1.613944921373553753e+09
1.010941910774576860e-03 1.593382836854410410e+09
1.018091595326499951e-03 1.573127496047439337e+09
1.025291844593018576e-03 1.553174457220073223e+09
1.032543016182969810e-03 1.533519323164475203e+09
1.039845470234303281e-03 1.514157741248769999e+09
1.047199569431976358e-03 1.495085403448432207e+09
1.054605679025959501e-03 1.476298046358439445e+09
1.062064166849384719e-03 1.457791451186443090e+09
1.069575403336805704e-03 1.439561443727581024e+09
1.077139761542604979e-03 1.421603894321219206e+09
1.084757617159513594e-03 1.403914717790204763e+09
1.092429348537277828e-03 1.386489873362956524e+09
1.100155336701443432e-03 1.369325364578967333e+09
1.107935965372287097e-03 1.352417239178066730e+09
1.115771620983866102e-03 1.335761588973969221e+09
1.123662692703219753e-03 1.319354549712541580e+09
1.131609572449690298e-03 1.303192300915236950e+09
1.139612654914390647e-03 1.287271065708177328e+09
1.147672337579811949e-03 1.271587110637303114e+09
1.155789020739555204e-03 1.256136745470109701e+09
1.163963107518223338e-03 1.240916322984343529e+09
1.172195003891432323e-03 1.225922238744204760e+09
1.180485118705984710e-03 1.211150930864421368e+09
1.188833863700164807e-03 1.196598879762727022e+09
1.197241653524199097e-03 1.182262607901123047e+09
1.205708905760839592e-03 1.168138679516442299e+09
1.214236040946114169e-03 1.154223700340582848e+09
1.222823482590202010e-03 1.140514317310947180e+09
1.231471657198479489e-03 1.127007218271430254e+09
1.240180994292690731e-03 1.113699131664490938e+09
1.248951926432292523e-03 1.100586826214646339e+09
1.257784889235926502e-03 1.087667110603931189e+09
1.266680321403064816e-03 1.074936833139622688e+09
1.275638664735789362e-03 1.062392881414791346e+09
1.284660364160743846e-03 1.050032181961984873e+09
1.293745867751222882e-03 1.037851699900545120e+09
1.302895626749429577e-03 1.025848438577938914e+09
1.312110095588891849e-03 1.014019439205495119e+09
1.321389731917021852e-03 1.002361780489024282e+09
1.330734996617857551e-03 9.908725782546420097e+08
1.340146353834941340e-03 9.795489850702592134e+08
1.349624270994383840e-03 9.683881898631126881e+08
1.359169218828067344e-03 9.573874175337356329e+08
1.368781671397037263e-03 9.465439285667414665e+08
1.378462106115035599e-03 9.358550186388473511e+08
1.388211003772222207e-03 9.253180182244707346e+08
1.398028848559044589e-03 9.149302921993389130e+08
1.407916128090296124e-03 9.046892394424066544e+08
1.417873333429321529e-03 8.945922924365608692e+08
1.427900959112419653e-03 8.846369168683830500e+08
1.437999503173392193e-03 8.748206112274036407e+08
1.448169467168291483e-03 8.651409064051781893e+08
1.458411356200319843e-03 8.555953652945785522e+08
1.468725678944921269e-03 8.461815823896268606e+08
1.479112947675050287e-03 8.368971833862468004e+08
1.489573678286602127e-03 8.277398247842870951e+08
1.500108390324049554e-03 8.187071934911782742e+08
1.510717607006233434e-03 8.097970064275528193e+08
1.521401855252361903e-03 8.010070101351922750e+08
1.532161665708166526e-03 7.923349803876732588e+08
1.542997572772272048e-03 7.837787218039869070e+08
1.553910114622723783e-03 7.753360674655843973e+08
1.564899833243730328e-03 7.670048785370888710e+08
1.575967274452568694e-03 7.587830438911023140e+08
1.587112987926705401e-03 7.506684797373816967e+08
1.598337527231085851e-03 7.426591292567874193e+08
1.609641449845637716e-03 7.347529622403041124e+08
1.621025317192948886e-03 7.269479747335124016e+08
1.632489694666161822e-03 7.192421886868121624e+08
1.644035151657044199e-03 7.116336516117904186e+08
1.655662261584273575e-03 7.041204362440363169e+08
1.667371601921921118e-03 6.967006402127687931e+08
1.679163754228121374e-03 6.893723857176301479e+08
1.691039304173968865e-03 6.821338192129526138e+08
1.702998841572593786e-03 6.749831110999000072e+08
1.715042960408467770e-03 6.679184554267822504e+08
1.727172258866892674e-03 6.609380695979223251e+08
1.739387339363723112e-03 6.540401940914002657e+08
1.751688808575272002e-03 6.472230921860511303e+08
1.764077277468456377e-03 6.404850496980412006e+08
1.776553361331127939e-03 6.338243747273842096e+08
1.789117679802645607e-03 6.272393974147504568e+08
1.801770856904636505e-03 6.207284697089095116e+08
1.814513521072003491e-03 6.142899651451708078e+08
1.827346305184121555e-03 6.079222786351592541e+08
1.840269846596286844e-03 6.016238262682723999e+08
1.853284787171355624e-03 5.953930451251918077e+08
1.866391773311638263e-03 5.892283931037511826e+08
1.879591455990990744e-03 5.831283487575571537e+08
1.892884490787151430e-03 5.770914111476413012e+08
1.906271537914307028e-03 5.711160997075477839e+08
1.919753262255868885e-03 5.652009541221290827e+08
1.933330333397511886e-03 5.593445342204142809e+08
1.947003425660413485e-03 5.535454198828505278e+08
1.960773218134760545e-03 5.478022109632401466e+08
1.974640394713461731e-03 5.421135272256871462e+08
1.988605644126130098e-03 5.364780082968102098e+08
2.002669659973272103e-03 5.308943136335639358e+08
2.016833140760753741e-03 5.253611225068895221e+08
2.031096789934477235e-03 5.198771340014802217e+08
2.045461315915330942e-03 5.144410670319004655e+08
2.059927432134361740e-03 5.090516603752707243e+08
2.074495857068223235e-03 5.037076727207500935e+08
2.089167314274842542e-03 4.984078827359768748e+08
2.103942532429374599e-03 4.931510891506428719e+08
2.118822245360376354e-03 4.879361108573428988e+08
2.133807192086261979e-03 4.827617870297974944e+08
2.148898116852011354e-03 4.776269772585391402e+08
2.164095769166118378e-03 4.725305617041071057e+08
2.179400903837836780e-03 4.674714412677633762e+08
2.194814281014647976e-03 4.624485377797109485e+08
2.210336666220032945e-03 4.574607942047352195e+08
2.225968830391475677e-03 4.525071748651856184e+08
2.241711549918771508e-03 4.475866656811106801e+08
2.257565606682566603e-03 4.426982744273767471e+08
2.273531788093211860e-03 4.378410310074862242e+08
2.289610887129851433e-03 4.330139877437992692e+08
2.305803702379824807e-03 4.282162196837769747e+08
2.322111038078310437e-03 4.234468249218351841e+08
2.338533704148290735e-03 4.187049249362645745e+08
2.355072516240755594e-03 4.139896649407132864e+08
2.371728295775233763e-03 4.093002142495181561e+08
2.388501869980571863e-03 4.046357666562420726e+08
2.405394071936026515e-03 3.999955408245638609e+08
2.422405740612648337e-03 3.953787806906741858e+08
2.439537720914934822e-03 3.907847558762189746e+08
2.456790863722809783e-03 3.862127621107226610e+08
2.474166025933864730e-03 3.816621216623712182e+08
2.491664070505939833e-03 3.771321837759101987e+08
2.509285866499961180e-03 3.726223251163415313e+08
2.527032289123124983e-03 3.681319502169855237e+08
2.544904219772343729e-03 3.636604919304005504e+08
2.562902546078045345e-03 3.592074118805197477e+08
2.581028161948235606e-03 3.547722009143016934e+08
2.599281967612916168e-03 3.503543795510559082e+08
2.617664869668775377e-03 3.459534984275377393e+08
2.636177781124234704e-03 3.415691387367656231e+08
2.654821621444776198e-03 3.372009126584574580e+08
2.673597316598627302e-03 3.328484637788528204e+08
2.692505799102730586e-03 3.285114674976171851e+08
2.711548008069078215e-03 3.241896314194048643e+08
2.730724889251336975e-03 3.198826957276087403e+08
2.750037395091826323e-03 3.155904335376952887e+08
2.769486484768832971e-03 3.113126512274911404e+08
2.789073124244228173e-03 3.070491887416890860e+08
2.808798286311467527e-03 3.027999198677760959e+08
2.828662950643881773e-03 2.985647524805597067e+08
2.848668103843357471e-03 2.943436287523861527e+08
2.868814739489313446e-03 2.901365253261409402e+08
2.889103858188073193e-03 2.859434534480690956e+08
2.909536467622535639e-03 2.817644590574766994e+08
2.930113582602247510e-03 2.775996228303267956e+08
2.950836225113781432e-03 2.734490601738222241e+08
2.971705424371517794e-03 2.693129211690317392e+08
2.992722216868737555e-03 2.651913904587245882e+08
3.013887646429125756e-03 2.610846870775843263e+08
3.035202764258589439e-03 2.569930642221177518e+08
3.056668628997491043e-03 2.529168089576069415e+08
3.078286306773207488e-03 2.488562418596408665e+08
3.100056871253086075e-03 2.448117165878476202e+08
3.121981403697783770e-03 2.407836193896302283e+08
3.144060993014942147e-03 2.367723685319142938e+08
3.166296735813299047e-03 2.327784136590561569e+08
3.188689736457125078e-03 2.288022350753671527e+08
3.211241107121099413e-03 2.248443429508517683e+08
3.233951967845519974e-03 2.209052764491357505e+08
3.256823446591960297e-03 2.169856027767434120e+08
3.279856679299263372e-03 2.130859161532595456e+08
3.303052809939985204e-03 2.092068367021856904e+08
3.326412990577185761e-03 2.053490092627034783e+08
3.349938381421674414e-03 2.015131021228200495e+08
3.373630150889606223e-03 1.976998056748679280e+08
3.397489475660538799e-03 1.939098309946034551e+08
3.421517540735847379e-03 1.901439083456270695e+08
3.445715539497606113e-03 1.864027856112151742e+08
3.470084673767835377e-03 1.826872266561025977e+08
3.494626153868200542e-03 1.789980096211286783e+08
3.519341198680137062e-03 1.753359251541455686e+08
3.544231035705359360e-03 1.717017745809590518e+08
3.569296901126859344e-03 1.680963680205146968e+08
3.594540039870269214e-03 1.645205224489630759e+08
3.619961705665723870e-03 1.609750597176135480e+08
3.645563161110100189e-03 1.574608045302113593e+08
3.671345677729752864e-03 1.539785823853120208e+08
3.697310536043638390e-03 1.505292174899032712e+08
3.723459025626942118e-03 1.471135306507503390e+08
3.749792445175096495e-03 1.437323371502285004e+08
3.776312102568314070e-03 1.403864446137011349e+08
3.803019314936512997e-03 1.370766508757243454e+08
3.829915408724764679e-03 1.338037418525646180e+08
3.857001719759142137e-03 1.305684894286922067e+08
3.884279593313097034e-03 1.273716493650076091e+08
3.911750384174244796e-03 1.242139592366724908e+08
3.939415456711677956e-03 1.210961364084086567e+08
3.967276184943707533e-03 1.180188760551519841e+08
3.995333952606112266e-03 1.149828492358462960e+08
4.023590153220879193e-03 1.119887010280697048e+08
4.052046190165383560e-03 1.090370487310235798e+08
4.080703476742123838e-03 1.061284801441756189e+08
4.109563436248880874e-03 1.032635519286170453e+08
4.138627502049441707e-03 1.004427880578338057e+08
4.167897117644755317e-03 9.766667836429280043e+07
4.197373736744657372e-03 9.493567718777653575e+07
4.227058823340041661e-03 9.225020213098216057e+07
4.256953851775601393e-03 8.961063292741841078e+07
4.287060306823019772e-03 8.701731042608104646e+07
4.317379683754746927e-03 8.447053569684796035e+07
4.347913488418234801e-03 8.197056925994177163e+07
4.378663237310754901e-03 7.951763044219352305e+07
4.409630457654684435e-03 7.711189686221286654e+07
4.440816687473396127e-03 7.475350404590518773e+07
4.472223475667611199e-03 7.244254517315927148e+07
4.503852382092338701e-03 7.017907095580750704e+07
4.535704977634366468e-03 6.796308964636313915e+07
4.567782844290248223e-03 6.579456717633257806e+07
4.600087575244907363e-03 6.367342742229392380e+07
4.632620774950732545e-03 6.159955259728559852e+07
4.665384059207298637e-03 5.957278376445715874e+07
4.698379055241581198e-03 5.759292146934544295e+07
4.731607401788815413e-03 5.565972648661667854e+07
4.765070749173839007e-03 5.377292067656898499e+07
4.798770759393106503e-03 5.193218794626267254e+07
4.832709106197189200e-03 5.013717530968288332e+07
4.866887475173941290e-03 4.838749404097963125e+07
4.901307563832183779e-03 4.668272091449545324e+07
4.935971081686049353e-03 4.502239952500096709e+07
4.970879750339845908e-03 4.340604168134447187e+07
5.006035303573603580e-03 4.183312886653860658e+07
5.041439487429151718e-03 4.030311375718346238e+07
5.077094060296849856e-03 3.881542179508005828e+07
5.113000793002938846e-03 3.736945280383478850e+07
5.149161468897451438e-03 3.596458264335276932e+07
5.185577883942828897e-03 3.460016489514539391e+07
5.222251846803077115e-03 3.327553257157219946e+07
5.259185178933637426e-03 3.198999984228719026e+07
5.296379714671808209e-03 3.074286377141025662e+07
5.333837301327894187e-03 2.953340605919684842e+07
5.371559799276911726e-03 2.836089478231348097e+07
5.409549082051029641e-03 2.722458612713486329e+07
5.447807036432573795e-03 2.612372611087531969e+07
5.486335562547784567e-03 2.505755228574412689e+07
5.525136573961145908e-03 2.402529542173623294e+07
5.564211997770461202e-03 2.302618116409051418e+07
5.603563774702529331e-03 2.205943166189870238e+07
5.643193859209571020e-03 2.112426716476642340e+07
5.683104219566259725e-03 2.021990758489282429e+07
5.723296837967518404e-03 1.934557402234262973e+07
5.763773710626932112e-03 1.850049025171737373e+07
5.804536847875907402e-03 1.768388416881965473e+07
5.845588274263531677e-03 1.689498919626357779e+07
5.886930028657091744e-03 1.613304564733605832e+07
5.928564164343378198e-03 1.539730204766204581e+07
5.970492749130616034e-03 1.468701641449855827e+07
6.012717865451219258e-03 1.400145749361265451e+07
6.055241610465158728e-03 1.333990595381701738e+07
6.098066096164178260e-03 1.270165553923020512e+07
6.141193449476635251e-03 1.208601417924815789e+07
6.184625812373186100e-03 1.149230505601287261e+07
6.228365341973125628e-03 1.091986762884296104e+07
6.272414210651564362e-03 1.036805861463523656e+07
6.316774606147277163e-03 9.836252922644939274e+06
6.361448731671411408e-03 9.323844541280010715e+06
6.406438806016858702e-03 8.830247373604135588e+06
6.451747063668501758e-03 8.354896017123654485e+06
6.497375754914157774e-03 7.897246482112168334e+06
6.543327145956350128e-03 7.456776841222521849e+06
6.589603519024886738e-03 7.032987801444901153e+06
6.636207172490164383e-03 6.625403187598834746e+06
6.683140420977370759e-03 6.233570324535850435e+06
6.730405595481391695e-03 5.857060303102402948e+06
6.778005043482633434e-03 5.495468112745907158e+06
6.825941129063562221e-03 5.148412621490750462e+06
6.874216233026172844e-03 4.815536382006745785e+06
6.922832753010177941e-03 4.496505240733148530e+06
6.971793103612142738e-03 4.191007725700460374e+06
7.021099716505362250e-03 3.898754187988937367e+06
7.070755040560676961e-03 3.619475671907362528e+06
7.120761541968050924e-03 3.352922490223030094e+06
7.171121704359111754e-03 3.098862483410262968e+06
7.221838028930448704e-03 2.857078946184427477e+06
7.272913034567887389e-03 2.627368210841576569e+06
7.324349257971554672e-03 2.409536885380635969e+06
7.376149253781875102e-03 2.203398755226484034e+06
7.428315594706486752e-03 2.008771370688813971e+06
7.480850871647950692e-03 1.825472358024188317e+06
7.533757693832503037e-03 1.653315509860517457e+06
7.587038688939579806e-03 1.492106730304688215e+06
7.640696503232384355e-03 1.341639930496476125e+06
7.694733801689256254e-03 1.201692990617684089e+06
7.749153268136093134e-03 1.072023922988859238e+06
7.803957605379584390e-03 9.523673862067247974e+05
7.859149535341510007e-03 8.424317103715512203e+05
7.914731799193866837e-03 7.418965963293372188e+05
7.970707157495071291e-03 6.504116456038735341e+05
8.027078390327010288e-03 5.675958607332293177e+05
8.083848297433169489e-03 4.930382270736630308e+05
8.141019698357636683e-03 4.262994466762280208e+05
8.198595432585187651e-03 3.669148435958712944e+05
8.256578359682256729e-03 3.143984002647015732e+05
8.314971359439021076e-03 2.682478199916846934e+05
8.373777332012376576e-03 2.279504460615200514e+05
8.432999198069994484e-03 1.929898089465575467e+05
8.492639898935413698e-03 1.628525257287241693e+05
8.552702396734059367e-03 1.370352453956808895e+05
8.613189674540430718e-03 1.150513243997730751e+05
8.674104736526190920e-03 9.643693091854207159e+04
8.735450608109443515e-03 8.075631326787176658e+04
8.797230336104919571e-03 6.760602483431505971e+04
8.859446988875370466e-03 5.661796922365904902e+04
8.922103656483902634e-03 4.746120786695626157e+04
8.985203450847500592e-03 3.984255021105704509e+04
9.048749505891533554e-03 3.350601648825565644e+04
9.112744977705464211e-03 2.823131912465093410e+04
9.177193044699528957e-03 2.383154761559109102e+04
9.242096907762670580e-03 2.015026218093706120e+04
9.307459790421449344e-03 1.705820493958536827e+04
9.373284939000197866e-03 1.444982648669083574e+04
9.439575622782215084e-03 1.223980413438694268e+04
9.506335134172138115e-03 1.035969923801358163e+04
9.573566788859516272e-03 8.754868126292136367e+03
9.641273925983408558e-03 7.381706812168447868e+03
9.709459908298304770e-03 6.205276076301455760e+03
9.778128122341068346e-03 5.197322600692026754e+03
9.847281978599201069e-03 4.334685277938085164e+03
9.916924911680160756e-03 3.598055014046439737e+03
9.987060380482021618e-03 2.971042154746957749e+03
1.005769186836517198e-02 2.439498273999766752e+03
1.012882288332542756e-02 1.991037877040955664e+03
1.020045695816814563e-02 1.614709336214648374e+03
1.027259765068379467e-02 1.300771446498877367e+03
1.034524854382455963e-02 1.040540647575644016e+03
1.041841324588238353e-02 8.262827384034545730e+02
1.049209539066808632e-02 6.511307663156742365e+02
1.056629863769193052e-02 5.090171458348755777e+02
1.064102667234530751e-02 3.946128115469198292e+02
1.071628320608379592e-02 3.032694825427764727e+02
1.079207197661153673e-02 2.309632085652405920e+02
1.086839674806679493e-02 1.742386076699360729e+02
1.094526131120899214e-02 1.301538797196145651e+02
1.102266948360689294e-02 9.622700701257666367e+01
1.110062510982830035e-02 7.038367933697642798e+01
1.117913206163091179e-02 5.090749535562547123e+01
1.125819423815469650e-02 3.639294620754187548e+01
1.133781556611546809e-02 2.570160804584014969e+01
1.141799999999999933e-02 1.792187303212764604e+01
