1.020343390730452549e-04 1.911998580504620804e+03
1.024228117478227714e-04 1.929727922913690691e+03
1.028127634444709623e-04 1.947524765785156887e+03
1.032041997940311693e-04 1.965389366111766776e+03
1.035971264489836668e-04 1.983321981864709869e+03
1.039915490833292474e-04 2.001322871997343327e+03
1.043874733926712157e-04 2.019392296448930210e+03
1.047849050942975427e-04 2.037530516148393190e+03
1.051838499272635097e-04 2.055737793018081902e+03
1.055843136524745957e-04 2.074014389977559404e+03
1.059863020527695266e-04 2.092360570947392716e+03
1.063898209330040034e-04 2.110776600852967931e+03
1.067948761201342804e-04 2.129262745628312132e+03
1.072014734633014752e-04 2.147819272219939194e+03
1.076096188339160421e-04 2.029399563185071202e+03
1.080193181257424343e-04 1.864921565150274773e+03
1.084305772549842953e-04 1.699817354328503825e+03
1.088434021603699211e-04 1.534084546556155601e+03
1.092577988032379123e-04 1.367720748592478913e+03
1.096737731676233543e-04 1.200723558084995148e+03
1.100913312603441472e-04 1.033090563534818102e+03
1.105104791110878909e-04 8.648193442618064637e+02
1.109312227724987298e-04 8.366201381085664934e+02
1.113535683202649968e-04 8.433252158858159646e+02
1.117775218532067493e-04 8.500558217305999733e+02
1.122030894933639689e-04 8.568120528352638985e+02
1.126302773860849240e-04 8.635940067621901335e+02
1.130590917001148438e-04 8.704017814452080302e+02
1.134895386276851755e-04 8.772354751910088453e+02
1.139216243846027731e-04 8.840951866805627333e+02
1.143553552103398054e-04 8.909810149705463118e+02
1.147907373681238797e-04 8.978930594947719328e+02
1.152277771450283564e-04 9.048314200656237745e+02
1.156664808520632183e-04 9.117961968754985946e+02
1.161068548242662386e-04 9.187874904982543285e+02
1.165489054207943115e-04 9.258054018906589135e+02
1.169926390250154870e-04 9.328500323938525298e+02
1.174380620446010068e-04 9.399214837348076799e+02
1.178851809116178537e-04 9.470198580277997280e+02
1.183340020826217090e-04 9.541452577758809639e+02
1.187845320387500582e-04 9.612977858723609188e+02
1.192367772858159066e-04 9.684775456022919116e+02
1.196907443544016169e-04 9.756846406439608472e+02
1.201464397999533437e-04 9.829191750703865864e+02
1.206038702028755483e-04 9.901812533508218621e+02
1.210630421686261242e-04 9.974709803522629272e+02
1.215239623278117659e-04 1.004788461340963181e+03
1.219866373362836774e-04 1.012133801983954072e+03
1.224510738752337404e-04 1.019507108350569297e+03
1.229172786512909273e-04 1.026908486913978777e+03
1.233852583966182014e-04 1.034338044552723659e+03
1.238550198690097027e-04 1.041795888552262340e+03
1.243265698519884204e-04 1.049282126606516840e+03
1.247999151549039338e-04 1.056796866819430534e+03
1.252750626130310209e-04 1.064340217706528392e+03
1.257520190876681304e-04 1.071912288196482905e+03
1.262307914662365326e-04 1.079513187632686822e+03
1.267113866623799303e-04 1.087143025774836133e+03
1.271938116160640424e-04 1.094801912800509854e+03
1.276780732936770016e-04 1.102489959306763240e+03
1.281641786881298323e-04 1.110207276311725309e+03
1.286521348189574988e-04 1.117819198037066371e+03
1.291419487324202778e-04 1.123049750407011516e+03
1.296336275016055106e-04 1.128300216922412119e+03
1.301271782265297084e-04 1.133570673401873819e+03
1.306226080342410363e-04 1.138861195952664730e+03
1.311199240789223122e-04 1.144171860971813658e+03
1.316191335419943315e-04 1.149502745147215819e+03
1.321202436322194899e-04 1.154853925458735830e+03
1.326232615858058937e-04 1.160225479179322747e+03
1.331281946665119310e-04 1.165617483876125789e+03
1.336350501657510600e-04 1.171030017411611652e+03
1.341438354026971394e-04 1.176463157944692284e+03
1.346545577243901920e-04 1.181916983931851291e+03
1.351672245058423854e-04 1.187391574128278307e+03
1.356818431501445284e-04 1.192887007589004497e+03
1.361984210885731894e-04 1.198403363670046701e+03
1.367169657806975992e-04 1.203940722029548851e+03
1.372374847144878542e-04 1.209499162628939530e+03
1.377599854064226318e-04 1.215078765734078843e+03
1.382844754015980448e-04 1.220679611916423710e+03
1.388109622738363047e-04 1.226301782054185651e+03
1.393394536257953084e-04 1.231945357333504035e+03
1.398699570890784129e-04 1.237610419249615461e+03
1.404024803243444279e-04 1.243297049608030648e+03
1.409370310214185841e-04 1.249005330525717227e+03
1.414736168994032298e-04 1.254735344432284137e+03
1.420122457067895042e-04 1.260487174071172149e+03
1.425529252215691723e-04 1.266260902500849625e+03
1.430956632513469490e-04 1.272056613096010778e+03
1.436404676334532282e-04 1.277874389548779845e+03
1.441873462350572741e-04 1.283714315869920711e+03
1.447363069532808452e-04 1.289576476390049038e+03
1.452873577153121173e-04 1.295460955760849401e+03
1.458405064785203644e-04 1.301367838956300147e+03
1.463957612305706677e-04 1.307297211273896664e+03
1.469531299895393290e-04 1.313249158335887387e+03
1.475126208040296902e-04 1.319223766090506615e+03
1.480742417532883600e-04 1.325221120813217794e+03
1.486380009473217928e-04 1.331241309107959069e+03
1.492039065270134638e-04 1.337284417908392015e+03
1.497719666642415048e-04 1.343350534479160387e+03
1.503421895619964758e-04 1.349439746417146353e+03
1.509145834545001666e-04 1.355552141652739920e+03
1.514891566073240726e-04 1.361687808451103365e+03
1.520659173175091452e-04 1.367846835413449980e+03
1.526448739136854877e-04 1.374056903663082721e+03
1.532260347561923764e-04 1.385473992246949138e+03
1.538094082371993933e-04 1.396934548814052278e+03
1.543950027808272600e-04 1.408438738858909346e+03
1.549828268432697296e-04 1.419986728506119789e+03
1.555728889129155592e-04 1.431578684512767268e+03
1.561651975104711332e-04 1.443214774270823455e+03
1.567597611890835202e-04 1.454895165809567970e+03
1.573565885344639095e-04 1.466620027798012870e+03
1.579556881650116980e-04 1.478389529547340317e+03
1.585570687319388483e-04 1.490203841013346846e+03
1.591607389193948970e-04 1.502063132798896504e+03
1.597667074445922885e-04 1.513967576156384894e+03
1.603749830579322784e-04 1.525917342990212319e+03
1.609855745431313778e-04 1.537912605859269433e+03
1.615984907173478803e-04 1.549953537979419252e+03
1.622137404313097979e-04 1.562040313226012131e+03
1.628313325694418206e-04 1.574173106136383240e+03
1.634512760499945807e-04 1.586352091912385958e+03
1.640735798251724531e-04 1.598577446422907997e+03
1.646982528812637140e-04 1.610849346206424343e+03
1.653253042387695874e-04 1.623167968473535211e+03
1.659547429525350278e-04 1.635533491109533088e+03
1.665865781118790949e-04 1.647946092676967965e+03
1.672208188407265760e-04 1.660405952418226661e+03
1.678574742977393102e-04 1.672913250258118978e+03
1.684965536764488671e-04 1.685468166806480212e+03
1.691380662053889824e-04 1.698070883360774815e+03
1.697820211482290234e-04 1.710721581908717781e+03
1.704284278039076709e-04 1.723420445130901271e+03
1.710772955067671160e-04 1.736167656403430556e+03
1.717286336266881253e-04 1.748963399800575871e+03
1.723824515692249694e-04 1.761807860097427238e+03
1.730387587757416256e-04 1.774701222772566325e+03
1.736975647235478189e-04 1.787643674010739687e+03
1.743588789260359559e-04 1.798256691139831219e+03
1.750227109328186565e-04 1.807014877022115570e+03
1.756890703298665012e-04 1.815806407716811691e+03
1.763579667396462946e-04 1.824631410176751388e+03
1.770294098212605747e-04 1.833490011838114924e+03
1.777034092705862553e-04 1.842382340622261381e+03
1.783799748204156538e-04 1.851308524937588572e+03
1.790591162405960276e-04 1.860268693681373406e+03
1.797408433381713342e-04 1.869262976241643400e+03
1.804251659575236376e-04 1.878291502499041826e+03
1.811120939805151663e-04 1.887354402828702177e+03
1.818016373266312380e-04 1.896451808102132645e+03
1.824938059531232390e-04 1.905583849689103772e+03
1.831886098551526061e-04 1.914750659459548388e+03
1.838860590659350798e-04 1.923952369785463816e+03
1.845861636568856077e-04 1.933189113542823179e+03
1.852889337377637362e-04 1.942461024113494659e+03
1.859943794568196798e-04 1.951768235387168716e+03
1.867025110009408234e-04 1.961110881763290536e+03
1.874133385957987949e-04 1.970489098152999986e+03
1.881268725059971332e-04 1.979903019981080661e+03
1.888431230352196342e-04 1.989352783187916430e+03
1.895621005263788594e-04 1.998838524231451629e+03
1.902838153617659458e-04 2.008360380089166028e+03
1.910082779631999000e-04 2.017918488260046388e+03
1.917354987921787907e-04 2.027512986766580752e+03
1.924654883500302087e-04 2.037144014156741150e+03
1.931982571780634615e-04 2.046811709505994713e+03
1.939338158577211453e-04 2.056516212419302519e+03
1.946721750107326674e-04 2.066257663033143672e+03
1.954133452992669296e-04 2.076036202017532105e+03
1.961573374260869892e-04 2.085851970578054079e+03
1.969041621347039075e-04 2.095705110457902265e+03
1.976538302095324682e-04 2.105595763939923472e+03
1.984063524760465978e-04 2.115524073848677290e+03
1.991617398009357619e-04 2.125490183552493818e+03
1.999200030922618763e-04 2.135494236965544133e+03
2.006811532996169228e-04 2.057953148643936856e+03
2.014452014142808361e-04 1.876643084580172172e+03
2.022121584693804754e-04 1.694642723443956356e+03
2.029820355400488116e-04 1.511949437085280351e+03
2.037548437435848477e-04 1.328560587348039235e+03
2.045305942396142434e-04 1.144473526031941219e+03
2.053092982302503458e-04 9.596855948542687429e+02
2.060909669602561153e-04 7.741941254114979074e+02
2.068756117172062137e-04 5.879964391407877429e+02
2.076632438316504479e-04 4.010898472812132241e+02
2.084538746772768335e-04 2.134716508350816184e+02
2.092475156710765023e-04 1.881170427396529305e+02
2.100441782735077692e-04 1.893765593207658355e+02
2.108438739886625297e-04 1.906408712264690166e+02
2.116466143644313844e-04 1.919099967138762395e+02
2.124524109926714463e-04 1.931839541096117898e+02
2.132612755093726842e-04 1.944627618100736299e+02
2.140732195948269771e-04 1.957464382817007049e+02
2.148882549737958676e-04 1.970350020612380888e+02
2.157063934156804291e-04 1.983284717560056549e+02
2.165276467346911328e-04 1.996268660441663201e+02
2.173520267900182852e-04 2.009302036749959086e+02
2.181795454860034394e-04 2.022385034691539545e+02
2.190102147723111878e-04 2.035517843189552423e+02
2.198440466441018478e-04 2.048700651886428830e+02
2.206810531422045008e-04 2.061933651146620434e+02
2.215212463532909796e-04 2.075217032059348128e+02
2.223646384100505058e-04 2.088550986441362056e+02
2.232112414913646535e-04 2.101935706839712168e+02
2.240610678224832337e-04 2.115371386534524163e+02
2.249141296752012902e-04 2.128858219541800736e+02
2.257704393680354455e-04 2.142396400616208325e+02
2.266300092664028478e-04 2.155986125253905925e+02
2.274928517827986283e-04 2.169627589695352867e+02
2.283589793769762036e-04 2.183320990928156107e+02
2.292284045561261696e-04 2.197066526689901877e+02
2.301011398750579589e-04 2.210864395471024579e+02
2.309771979363800629e-04 2.224714796517658613e+02
2.318565913906830446e-04 2.238617929834530003e+02
2.327393329367212786e-04 2.252573996187830403e+02
2.336254353215972649e-04 2.266583197108132026e+02
2.345149113409447509e-04 2.280645734893280405e+02
2.354077738391142113e-04 2.294761812611329788e+02
2.363040357093580571e-04 2.308931634103468582e+02
2.372037098940167925e-04 2.323155403986964131e+02
2.381068093847060134e-04 2.337433327658118571e+02
2.390133472225039197e-04 2.351765611295233214e+02
2.399233364981396958e-04 2.366152461861587710e+02
2.408367903521824594e-04 2.381479970160410744e+02
2.417537219752311059e-04 2.397144165775235649e+02
2.426741446081048022e-04 2.412867999272993984e+02
2.435980715420341049e-04 2.428651697711439112e+02
2.445255161188527823e-04 2.444495489012794849e+02
2.454564917311909925e-04 2.460399601967052945e+02
2.463910118226677291e-04 2.476364266235262903e+02
2.473290898880862489e-04 2.492389712352865274e+02
2.482707394736274930e-04 2.508476171733003923e+02
2.492159741770470327e-04 2.524623876669885192e+02
2.501648076478703341e-04 2.540833060342113185e+02
2.511172535875906791e-04 2.557103956816074231e+02
2.520733257498665447e-04 2.573436801049305132e+02
2.530330379407203911e-04 2.589831828893895249e+02
2.539964040187379923e-04 2.606289277099881474e+02
2.549634378952684178e-04 2.622809383318676169e+02
2.559341535346253138e-04 2.639392386106495678e+02
2.569085649542880235e-04 2.656038524927805611e+02
2.578866862251044949e-04 2.672748040158776348e+02
2.588685314714941356e-04 2.689521173090759021e+02
2.598541148716518594e-04 2.706358165933763189e+02
2.608434506577529460e-04 2.723259261819963513e+02
2.618365531161583894e-04 2.740224704807200169e+02
2.628334365876212756e-04 2.757254739882512240e+02
2.638341154674939191e-04 2.774349612965668257e+02
2.648386042059356509e-04 2.791509570912722893e+02
2.658469173081215269e-04 2.808734861519581045e+02
2.668590693344516330e-04 2.826025733525568171e+02
2.678750749007619090e-04 2.843382436617038707e+02
2.688949486785341576e-04 2.860805221430958909e+02
2.699187053951090909e-04 2.878294339558548813e+02
2.709463598338980746e-04 2.895850043548899748e+02
2.719779268345973665e-04 2.913472586912631641e+02
2.730134212934014334e-04 2.931162224125540092e+02
2.740528581632193034e-04 2.948919210632291197e+02
2.750962524538890755e-04 2.966743802850086809e+02
2.761436192323962237e-04 2.984636258172390058e+02
2.771949736230897325e-04 3.002596834972623583e+02
2.782503308079013228e-04 3.020625792607911535e+02
2.793097060265646234e-04 3.038723391422823283e+02
2.803731145768349926e-04 3.056889892753129061e+02
2.814405718147104793e-04 3.075125558929574936e+02
2.825120931546537583e-04 3.093430653281677110e+02
2.835876940698145009e-04 3.111805440141512236e+02
2.846673900922527746e-04 3.130250184847546961e+02
2.857511968131637436e-04 3.148765153748462353e+02
2.868391298831022077e-04 3.167350614206999353e+02
2.879312050122093082e-04 3.186077880893506062e+02
2.890274379704384764e-04 3.205923407832297016e+02
2.901278445877842000e-04 3.225844492127587841e+02
2.912324407545095967e-04 3.245841421446924073e+02
2.923412424213769163e-04 3.265914484553090347e+02
2.934542655998766863e-04 3.286063971308257123e+02
2.945715263624603276e-04 3.306290172678197337e+02
2.956930408427706561e-04 3.326593380736453582e+02
2.968188252358763954e-04 3.346973888668583186e+02
2.979488957985047923e-04 3.367431990776373141e+02
2.990832688492774311e-04 3.387967982482109051e+02
3.002219607689448548e-04 3.408582160332816784e+02
3.013649880006238966e-04 3.429274822004568364e+02
3.025123670500347414e-04 3.450046266306764551e+02
3.036641144857395039e-04 3.470896793186457785e+02
3.048202469393810786e-04 3.491826703732678538e+02
3.059807811059239951e-04 3.512836300180790658e+02
3.071457337438945152e-04 3.533925885916843868e+02
3.083151216756238730e-04 3.555095765481969465e+02
3.094889617874899438e-04 3.576346244576762388e+02
3.106672710301620031e-04 3.597677630065711014e+02
3.118500664188450511e-04 3.619090229981613334e+02
3.130373650335256013e-04 3.640584353530038584e+02
3.142291840192185538e-04 3.662160311093785481e+02
3.154255405862141761e-04 3.683818414237359207e+02
3.166264520103275241e-04 3.705558975711484777e+02
3.178319356331470494e-04 3.727382309457610177e+02
3.190420088622854841e-04 3.749288730612443601e+02
3.202566891716311041e-04 3.771278555512507751e+02
3.214759941016001317e-04 3.793352101698704359e+02
3.226999412593898968e-04 3.815509687920899182e+02
3.239285483192331908e-04 3.837751634142528019e+02
3.251618330226532707e-04 3.860078261545210694e+02
3.263998131787205982e-04 3.882489892533399711e+02
3.276425066643093081e-04 3.904986850739025499e+02
3.288899314243557358e-04 3.927569461026175190e+02
3.301421054721177589e-04 3.950238049495782207e+02
3.313990468894343548e-04 3.972992943490335165e+02
3.326607738269871106e-04 3.995834471598604409e+02
3.339273045045623831e-04 4.018762963660390710e+02
3.351986572113141091e-04 4.042464221543611984e+02
3.364748503060279177e-04 4.067744690049993892e+02
3.377559022173865963e-04 4.093121408223982485e+02
3.390418314442359381e-04 4.118594742514425775e+02
3.403326565558517799e-04 4.144165060765338922e+02
3.416283961922083430e-04 4.169832732221224205e+02
3.429290690642473861e-04 4.195598127532393846e+02
3.442346939541482257e-04 4.221461618760333181e+02
3.455452897155992208e-04 4.247423579383062133e+02
3.468608752740698527e-04 4.273484384300538181e+02
3.481814696270839988e-04 4.299644409840063872e+02
3.495070918444942356e-04 4.325904033761719916e+02
3.508377610687575510e-04 4.352263635263828974e+02
3.521734965152111658e-04 4.378723594988420018e+02
3.535143174723506311e-04 4.405284295026733616e+02
3.548602433021080349e-04 4.431946118924736311e+02
3.562112934401314552e-04 4.458709451688657737e+02
3.575674873960660934e-04 4.485574679790552750e+02
3.589288447538354623e-04 4.512542191173880610e+02
3.602953851719246339e-04 4.539612375259109172e+02
3.616671283836636499e-04 4.566785622949332719e+02
3.630440941975131004e-04 4.594062326635926183e+02
3.644263024973495402e-04 4.621442880204200492e+02
3.658137732427530191e-04 4.648927679039100553e+02
3.672065264692950465e-04 4.676517120030906653e+02
3.686045822888281811e-04 4.704211601580971660e+02
3.700079608897762721e-04 4.732011523607468462e+02
3.714166825374259472e-04 4.759917287551169807e+02
3.728307675742194012e-04 4.787929296381243489e+02
3.742502364200481061e-04 4.816047954601071979e+02
3.756751095725476604e-04 4.844273668254090808e+02
3.771054076073936676e-04 4.872606844929656518e+02
3.785411511785989700e-04 4.901047893768928816e+02
3.799823610188121843e-04 4.929597225470779449e+02
3.814290579396162361e-04 4.958255252297721540e+02
3.828812628318299855e-04 4.994248805727756348e+02
3.843389966658090928e-04 5.031486454249405256e+02
3.858022804917492156e-04 5.068865876697904582e+02
3.872711354399896943e-04 5.106387612845417721e+02
3.887455827213191339e-04 5.144052204519177849e+02
3.902256436272813120e-04 5.181860195609302764e+02
3.917113395304824960e-04 5.219812132076639273e+02
3.932026918849007113e-04 5.257908561960667839e+02
3.946997222261949020e-04 5.296150035387398702e+02
3.962024521720162052e-04 5.334537104577326545e+02
3.977109034223202011e-04 5.373070323853396530e+02
3.992250977596799766e-04 5.411750249649016951e+02
4.007450570496009232e-04 5.450577440516086654e+02
4.022708032408363484e-04 5.489552457133069083e+02
4.038023583657046590e-04 5.528675862313081097e+02
4.053397445404070864e-04 5.567948221012024987e+02
4.068829839653473096e-04 5.607370100336740961e+02
4.084320989254522707e-04 5.646942069553203964e+02
4.099871117904935322e-04 5.686664700094740965e+02
4.115480450154104775e-04 5.726538565570280070e+02
4.131149211406349216e-04 5.766564241772641708e+02
4.146877627924156666e-04 5.806742306686830943e+02
4.162665926831463645e-04 5.847073340498418474e+02
4.178514336116927294e-04 5.887557925601889792e+02
4.194423084637222436e-04 5.928196646609070513e+02
4.210392402120340257e-04 5.968990090357561940e+02
4.226422519168912474e-04 6.009938845919217556e+02
4.242513667263537124e-04 6.051043504608647936e+02
4.258666078766121157e-04 6.092304659991758626e+02
4.274879986923239296e-04 6.118854520477101460e+02
4.291155625869497235e-04 6.139678725451924493e+02
4.307493230630916512e-04 6.160582213878573157e+02
4.323893037128328609e-04 6.181565287610866335e+02
4.340355282180777177e-04 6.202628249651859278e+02
4.356880203508944113e-04 6.223771404158225096e+02
4.373468039738575099e-04 6.244995056444638521e+02
4.390119030403932788e-04 6.266299512988199467e+02
4.406833415951251064e-04 6.287685081432846346e+02
4.423611437742208836e-04 6.309152070593801227e+02
4.440453338057414657e-04 6.330700790462030909e+02
4.457359360099905988e-04 6.352331552208721632e+02
4.474329747998660387e-04 6.374044668189778804e+02
4.491364746812123504e-04 6.395840451950326724e+02
4.508464602531739784e-04 6.417719218229241278e+02
4.525629562085517325e-04 6.439681282963699687e+02
4.542859873341584059e-04 6.461726963293735935e+02
4.560155785111768331e-04 6.483856577566823489e+02
4.577517547155195198e-04 6.506070445342473931e+02
4.594945410181890317e-04 6.528368887396846958e+02
4.612439625856401180e-04 6.550752225727383120e+02
4.630000446801431900e-04 6.573220783557460436e+02
4.647628126601488301e-04 6.595774885341052141e+02
4.665322919806544691e-04 6.618414856767420815e+02
4.683085081935713882e-04 6.641141024765813654e+02
4.700914869480942696e-04 6.663953717510189563e+02
4.718812539910711805e-04 6.686853264423951941e+02
4.736778351673754544e-04 6.709839996184714437e+02
4.754812564202789819e-04 6.732914244729070106e+02
4.772915437918268024e-04 6.756076343257379904e+02
4.791087234232131059e-04 6.779326626238594145e+02
4.809328215551588056e-04 6.802665429415080780e+02
4.827638645282904674e-04 6.826093089807466185e+02
4.846018787835205390e-04 6.849609945719505504e+02
4.864468908624293149e-04 6.875211283741384705e+02
4.882989274076483636e-04 6.906298857179265269e+02
4.901580151632444447e-04 6.937504789523715090e+02
4.920241809751069477e-04 6.968829531399514963e+02
4.938974517913346813e-04 7.000273535147091479e+02
4.957778546626251566e-04 7.031837254829051744e+02
4.976654167426654415e-04 7.063521146236748791e+02
4.995601652885239916e-04 7.095325666896857228e+02
5.014621276610445409e-04 7.127251276077976172e+02
5.033713313252408594e-04 7.159298434797271966e+02
5.052878038506936802e-04 7.191467605827127727e+02
5.072115729119488180e-04 7.223759253701828129e+02
5.091426662889163724e-04 7.256173844724262381e+02
5.110811118672722083e-04 7.288711846972669264e+02
5.130269376388609534e-04 7.321373730307390133e+02
5.149801717020993218e-04 7.354159966377643514e+02
5.169408422623827980e-04 7.387071028628356544e+02
5.189089776324923211e-04 7.420107392306985048e+02
5.208846062330034629e-04 7.453269534470384770e+02
5.228677565926966898e-04 7.486557933991693972e+02
5.248584573489693600e-04 7.519973071567259240e+02
5.268567372482490206e-04 7.553515429723560146e+02
5.288626251464090917e-04 7.587185492824191897e+02
5.308761500091849824e-04 7.620983747076859345e+02
5.328973409125929185e-04 7.654910680540385783e+02
5.349262270433486613e-04 7.688966783131764942e+02
5.369628376992908883e-04 7.723152546633252769e+02
5.390072022898022980e-04 7.757468464699441029e+02
5.410593503362355920e-04 7.791915032864405930e+02
5.431193114723392419e-04 7.826492748548859026e+02
5.451871154446856407e-04 7.861202111067325404e+02
5.472627921131004462e-04 7.896043621635361660e+02
5.493463714510936607e-04 7.931017783376781836e+02
5.514378835462928775e-04 7.966125101330935649e+02
5.535373586008773958e-04 8.001366082459994686e+02
5.556448269320147203e-04 8.036741235656274966e+02
5.577603189722977117e-04 8.072251071749585662e+02
5.598838652701848811e-04 8.107896103514600554e+02
5.620154964904407928e-04 8.143676845678272684e+02
5.641552434145793949e-04 8.179593814927260382e+02
5.663031369413079998e-04 8.209260084926357877e+02
5.684592080869739755e-04 8.233191959011519430e+02
5.706234879860123043e-04 8.257214948295962813e+02
5.727960078913954187e-04 8.281329399680209917e+02
5.749767991750842286e-04 8.305535661385520143e+02
5.771658933284815355e-04 8.329834082958935824e+02
5.793633219628864213e-04 8.354225015278317414e+02
5.815691168099504805e-04 8.378708810557405968e+02
5.837833097221368714e-04 8.403285822350926537e+02
5.860059326731796928e-04 8.427956405559681343e+02
5.882370177585456369e-04 8.452720916435675917e+02
5.904765971958978116e-04 8.477579712587263430e+02
5.927247033255607540e-04 8.502533152984312892e+02
5.949813686109873970e-04 8.527581597963388731e+02
5.972466256392279862e-04 8.552725409232954235e+02
5.995205071214006242e-04 8.577964949878597736e+02
6.018030458931634399e-04 8.603300584368274713e+02
6.040942749151892530e-04 8.628732678557565805e+02
6.063942272736406710e-04 8.654261599694966662e+02
6.087029361806488726e-04 8.679887716427189162e+02
6.110204349747925005e-04 8.705611398804483088e+02
6.133467571215792634e-04 8.731433018285982826e+02
6.156819362139293820e-04 8.757352947745065421e+02
6.180260059726603358e-04 8.783371561474740474e+02
6.203790002469741034e-04 8.809489235193060495e+02
6.227409530149459211e-04 8.835706346048528985e+02
6.251118983840144505e-04 8.862023272625559684e+02
6.274918705914754157e-04 8.888440394949947176e+02
6.298809040049749156e-04 8.914958094494345460e+02
6.322790331230056628e-04 8.941576754183770390e+02
6.346862925754062591e-04 8.968296758401152147e+02
6.371027171238603619e-04 8.995118492992862684e+02
6.395283416623986699e-04 9.022042345274298896e+02
6.419632012179035110e-04 9.049068704035479414e+02
6.444073309506136464e-04 9.076197959546642551e+02
6.468607661546327617e-04 9.103430503563902221e+02
6.493235422584387167e-04 9.130766729334884531e+02
6.517956948253952887e-04 9.158207031604428039e+02
6.542772595542658675e-04 9.185751806620266962e+02
6.567682722797286684e-04 9.213401452138759851e+02
6.592687689728945468e-04 9.049463730532182808e+02
6.617787857418260065e-04 8.828994808951582627e+02
6.642983588320589168e-04 8.607686501802854764e+02
6.668275246271259662e-04 8.385535613315228147e+02
6.693663196490814158e-04 8.162538935550796850e+02
6.719147805590296478e-04 7.938693248358125629e+02
6.744729441576536059e-04 7.713995319325778155e+02
6.770408473857464880e-04 7.488441903735656524e+02
6.796185273247450651e-04 7.262029744516139544e+02
6.822060211972658193e-04 7.034755572195006152e+02
6.848033663676414071e-04 6.846580433299908464e+02
6.874106003424608089e-04 6.846363839867512979e+02
6.900277607711111051e-04 6.846146421804598958e+02
6.926548854463205522e-04 6.845928175971571363e+02
6.952920123047051301e-04 6.845709099216882123e+02
6.979391794273156297e-04 6.845489188376986931e+02
7.005964250401877777e-04 6.845268440276291813e+02
7.032637875148944201e-04 6.845046851727116746e+02
7.059413053690993334e-04 6.844824419529646775e+02
7.086290172671137451e-04 6.844601140471878580e+02
7.113269620204545896e-04 6.844377011329584093e+02
7.140351785884046067e-04 6.844152028866258206e+02
7.167537060785753684e-04 6.843926189833074432e+02
7.194825837474719309e-04 6.843699490968837154e+02
7.222218510010592219e-04 6.843471928999935017e+02
7.249715473953318974e-04 6.843243500640288630e+02
7.277317126368849573e-04 6.843014202591315325e+02
7.305023865834872881e-04 6.842784031541866625e+02
7.332836092446571577e-04 6.842552984168191870e+02
7.360754207822402034e-04 6.740412530450536224e+02
7.388778615109890466e-04 6.576881387985537231e+02
7.416909718991455090e-04 6.412727637672049923e+02
7.445147925690253233e-04 6.247948909071463959e+02
7.473493642976046861e-04 6.082542822720255344e+02
7.501947280171083294e-04 5.916506990095659830e+02
7.530509248156014952e-04 5.749839013581135987e+02
7.559179959375829936e-04 5.582536486431745288e+02
7.587959827845807553e-04 5.414596992739440111e+02
7.616849269157495526e-04 5.246018107398122083e+02
7.645848700484713214e-04 5.081900001067354538e+02
7.674958540589574361e-04 5.104778909564866467e+02
7.704179209828534774e-04 5.127744924333276231e+02
7.733511130158462771e-04 5.150798377010013382e+02
7.762954725142732397e-04 5.173939600495141349e+02
7.792510419957338324e-04 5.197168928956168656e+02
7.822178641397037856e-04 5.220486697832867549e+02
7.851959817881512451e-04 5.243893243842127276e+02
7.881854379461554179e-04 5.267388904982801705e+02
7.911862757825277115e-04 5.290974020540606944e+02
7.941985386304349333e-04 5.314648931093007604e+02
7.972222699880252006e-04 5.338413978514142855e+02
8.002575135190558020e-04 5.362269505979758151e+02
8.033043130535242032e-04 5.386215857972165395e+02
8.063627125883007871e-04 5.410253380285214462e+02
8.094327562877632210e-04 5.434382420029282912e+02
8.125144884844364606e-04 5.458603325636303225e+02
8.156079536796299358e-04 5.482916446864768432e+02
8.187131965440828680e-04 5.507322134804810503e+02
8.218302619186077440e-04 5.531820741883251458e+02
8.249591948147387771e-04 5.556412621868701081e+02
8.281000404153808026e-04 5.581098129876662597e+02
8.312528440754626173e-04 5.605877622374663360e+02
8.344176513225918385e-04 5.630751457187394635e+02
8.375945078577119295e-04 5.655719993501892304e+02
8.407834595557623714e-04 5.680783591872706211e+02
8.439845524663412181e-04 5.705942614227122931e+02
8.471978328143699296e-04 5.735194849078264951e+02
8.504233470007605900e-04 5.768140841598028601e+02
8.536611416030869199e-04 5.801212268534808345e+02
8.569112633762556146e-04 5.834409607451786997e+02
8.601737592531823445e-04 5.867733337730358016e+02
8.634486763454692721e-04 5.901183940577050180e+02
8.667360619440852816e-04 5.934761899030481800e+02
8.700359635200490254e-04 5.968467697968328594e+02
8.733484287251140317e-04 6.002301824114325655e+02
8.766735053924573900e-04 6.036264766045303531e+02
8.800112415373700621e-04 6.070357014198237948e+02
8.833616853579508805e-04 6.104579060877331358e+02
8.867248852358009794e-04 6.138931400261118370e+02
8.901008897367242980e-04 6.173414528409616651e+02
8.934897476114279750e-04 6.208028943271472144e+02
8.968915077962264296e-04 6.242775144691161131e+02
9.003062194137478273e-04 6.277653634416204795e+02
9.037339317736436907e-04 6.312664916104411077e+02
9.071746943733012200e-04 6.347809495331156313e+02
9.106285568985573488e-04 6.383087879596674838e+02
9.140955692244169192e-04 6.418500578333403155e+02
9.175757814157721589e-04 6.454048102913316143e+02
9.210692437281263857e-04 6.489730966655324664e+02
9.245760066083193391e-04 6.525549684832689081e+02
9.280961206952555468e-04 6.561504774680452101e+02
9.316296368206357283e-04 6.597596755402913686e+02
9.351766060096911243e-04 6.633826148181127564e+02
9.387370794819196703e-04 6.670193476180423886e+02
9.423111086518258560e-04 6.706699264557968263e+02
9.458987451296639462e-04 6.743344040470345817e+02
9.495000407221816348e-04 6.780128333081165692e+02
9.531150474333697706e-04 6.817052673568709906e+02
9.567438174652124084e-04 6.831789143671677493e+02
9.603864032184413055e-04 6.838284145598532859e+02
9.640428572932908512e-04 6.844803875776623272e+02
9.677132324902604785e-04 6.851348428353174995e+02
9.713975818108746890e-04 6.857917897833854113e+02
9.750959584584494759e-04 6.864512379084142140e+02
9.788084158388605897e-04 6.871131967330696853e+02
9.825350075613145141e-04 6.877776758162727901e+02
9.862757874391225865e-04 6.884446847533381515e+02
9.900308094904781541e-04 6.891142331761124069e+02
9.938001279392368742e-04 6.897863307531130204e+02
9.975837972156988576e-04 6.904609871896683444e+02
1.001381871957396016e-03 6.911382122280575686e+02
1.005194407009879845e-03 6.918180156476514640e+02
1.009021457427513972e-03 6.925004072650533544e+02
1.012863078474269315e-03 6.931853969342412256e+02
1.016719325624521617e-03 6.938729945467096059e+02
1.020590254563852675e-03 6.945632100316132664e+02
1.024475921189854167e-03 6.952560533559091027e+02
1.028376381612936680e-03 6.959515345245018807e+02
1.032291692157136795e-03 6.966496635803866866e+02
1.036221909360933707e-03 6.973504506047964924e+02
1.040167089978061938e-03 6.980539057173446054e+02
1.044127290978335990e-03 6.987600390761740528e+02
1.048102569548466740e-03 6.994688608781013954e+02
1.052092983092893464e-03 7.001803813587662262e+02
1.056098589234607610e-03 7.008946107927774847e+02
1.060119445815988935e-03 7.016115594938626145e+02
1.064155610899637306e-03 7.023312378150158111e+02
1.068207142769214907e-03 7.030627790837420434e+02
1.072274099930282812e-03 7.038036998909171871e+02
1.076356541111152514e-03 7.045474415865342053e+02
1.080454525263726401e-03 7.052940149104879310e+02
1.084568111564356225e-03 7.060434306435631697e+02
1.088697359414691817e-03 7.067956996075896541e+02
1.092842328442543247e-03 7.075508326655993869e+02
1.097003078502738855e-03 7.083088407219822784e+02
1.101179669677990235e-03 7.090697347226446254e+02
1.105372162279762626e-03 7.098335256551671364e+02
1.109580616849140545e-03 7.106002245489622737e+02
1.113805094157707285e-03 7.113698424754354619e+02
1.118045655208418790e-03 7.121423905481433394e+02
1.122302361236487273e-03 7.129178799229553078e+02
1.126575273710262674e-03 7.136963217982138303e+02
1.130864454332123443e-03 7.144777274148971173e+02
1.135169965039363633e-03 7.152621080567802210e+02
1.139491868005092570e-03 7.160494750505991988e+02
1.143830225639126501e-03 7.168398397662133448e+02
1.148185100588895204e-03 7.176332136167710587e+02
1.152556555740342960e-03 7.184296080588727591e+02
1.156944654218839720e-03 7.192290345927382305e+02
1.161349459390088575e-03 7.200315047623707869e+02
1.165771034861046032e-03 7.208370301557257562e+02
1.170209444480834696e-03 7.216456224048764625e+02
1.174664752341671344e-03 7.224572931861832785e+02
1.179137022779786544e-03 7.186816075344323735e+02
1.183626320376359245e-03 6.635587720659236766e+02
1.188132709958444194e-03 6.082260688653357192e+02
1.192656256599911296e-03 5.526826989087356878e+02
1.197197025622385828e-03 4.969278601300686091e+02
1.201755082596188016e-03 4.409607474096281408e+02
1.206330493341284740e-03 3.847805525623643916e+02
1.210923323928234964e-03 3.283864643262729146e+02
1.215533640679149034e-03 2.791854745937759503e+02
1.220161510168641479e-03 2.783363754907114185e+02
1.224806999224796163e-03 2.774840436348038679e+02
1.229470174930128194e-03 2.766284667180779593e+02
1.234151104622556666e-03 2.757696323856981167e+02
1.238849855896371555e-03 2.749075282357910623e+02
1.243566496603215350e-03 2.740421418192657370e+02
1.248301094853058405e-03 2.731734606396342429e+02
1.253053719015186215e-03 2.723014721528309678e+02
1.257824437719183000e-03 2.714261637670317668e+02
1.262613319855926354e-03 2.705475228424717216e+02
1.267420434578578423e-03 2.696655366912632985e+02
1.272245851303589010e-03 2.687801925772121194e+02
1.277089639711691954e-03 2.678914777156342666e+02
1.281951869748918209e-03 2.669993792731704048e+02
1.286832611627599385e-03 2.661038843676015517e+02
1.291731935827387543e-03 2.652049800676622908e+02
1.296649913096267629e-03 2.643026533928545518e+02
1.301586614451582039e-03 2.633968913132599710e+02
1.306542111181057363e-03 2.630139001946486701e+02
1.311516474843829605e-03 2.630056944099121097e+02
1.316509777271482416e-03 2.629974573835057186e+02
1.321522090569079684e-03 2.629891889964837333e+02
1.326553487116211363e-03 2.629808891294477462e+02
1.331604039568033866e-03 2.629725576625447161e+02
1.336673820856323913e-03 2.629641944754653196e+02
1.341762904190527388e-03 2.629557994474420752e+02
1.346871363058820990e-03 2.629473724572479227e+02
1.351999271229168461e-03 2.629389133831940057e+02
1.357146702750390696e-03 2.629304221031284214e+02
1.362313731953230861e-03 2.629218984944339468e+02
1.367500433451431224e-03 2.629133424340265606e+02
1.372706882142806948e-03 2.629047537983539087e+02
1.377933153210332681e-03 2.628961324633929166e+02
1.383179322123221765e-03 2.628874783046484254e+02
1.388445464638022805e-03 2.628787911971513722e+02
1.393731656799707553e-03 2.628700710154567446e+02
1.399037974942774409e-03 2.628613176336420452e+02
1.404364495692344986e-03 2.628525309253053592e+02
1.409711295965277366e-03 2.628437107635634788e+02
1.415078452971270037e-03 2.628348570210500839e+02
1.420466044213981220e-03 2.628259695699140366e+02
1.425874147492147770e-03 2.628170482818173355e+02
1.431302840900704936e-03 2.628080930279334666e+02
1.436752202831920655e-03 2.627991036789453005e+02
1.442222311976519436e-03 2.626376287970828116e+02
1.447713247324826846e-03 2.608287967744935258e+02
1.453225088167902929e-03 2.590130780329780009e+02
1.458757914098693419e-03 2.571904463529107829e+02
1.464311805013173351e-03 2.553608754148417574e+02
1.469886841111506725e-03 2.535243387991147301e+02
1.475483102899198149e-03 2.516808099854874854e+02
1.481100671188262038e-03 2.498302623527470985e+02
1.486739627098382930e-03 2.479726691783274077e+02
1.492400052058093793e-03 2.461080036379209162e+02
1.498082027805945019e-03 2.442362388050938193e+02
1.503785636391691185e-03 2.423573476508949511e+02
1.509510960177469149e-03 2.404713030434676000e+02
1.515258081838995012e-03 2.385780777476555272e+02
1.521027084366750014e-03 2.366776444246118274e+02
1.526818051067186386e-03 2.347699756314022750e+02
1.532631065563924309e-03 2.326507276923379095e+02
1.538466211798962752e-03 2.296256345182410428e+02
1.544323574033891824e-03 2.265890239858949542e+02
1.550203236851106650e-03 2.235408522455630589e+02
1.556105285155033602e-03 2.204810752805591960e+02
1.562029804173349591e-03 2.174096489066155300e+02
1.567976879458220663e-03 2.143265287712405893e+02
1.573946596887529966e-03 2.112316703530827624e+02
1.579939042666123929e-03 2.081250289612836752e+02
1.585954303327052157e-03 2.050065597348362871e+02
1.591992465732822073e-03 2.018762176419336924e+02
1.598053617076646395e-03 1.987339574793225836e+02
1.604137844883711224e-03 1.955797338716461411e+02
1.610245237012430247e-03 1.924135012707934607e+02
1.616375881655722577e-03 1.892352139552373842e+02
1.622529867342277802e-03 1.860448260293783846e+02
1.628707282937841847e-03 1.835739183843203364e+02
1.634908217646493947e-03 1.829193625549836781e+02
1.641132761011941405e-03 1.822623146523300193e+02
1.647381002918804366e-03 1.816027651883539420e+02
1.653653033593922937e-03 1.809407046389260358e+02
1.659948943607651283e-03 1.802761234436564166e+02
1.666268823875173642e-03 1.796090120057559432e+02
1.672612765657810561e-03 1.789393606918978321e+02
1.678980860564338812e-03 1.782671598320789315e+02
1.685373200552318885e-03 1.775923997194791752e+02
1.691789877929414029e-03 1.769150706103225161e+02
1.698230985354732278e-03 1.762351627237352432e+02
1.704696615840155900e-03 1.755526662416056070e+02
1.711186862751694045e-03 1.748675713084411996e+02
1.717701819810820655e-03 1.741798680312273291e+02
1.724241581095837302e-03 1.734895464792837458e+02
1.730806241043223673e-03 1.729528558467838479e+02
1.737395894449008868e-03 1.726618240752833060e+02
1.744010636470132505e-03 1.723696842661186679e+02
1.750650562625826216e-03 1.720764322006871510e+02
1.757315768798986457e-03 1.717820636443244666e+02
1.764006351237565112e-03 1.714865743462438274e+02
1.770722406555953147e-03 1.711899600394746130e+02
1.777464031736382703e-03 1.708922164408005813e+02
1.784231324130319644e-03 1.705933392506981647e+02
1.791024381459877792e-03 1.702933241532743125e+02
1.797843301819222099e-03 1.699921668162041897e+02
1.804688183675992206e-03 1.696898628906685929e+02
1.811559125872718194e-03 1.693864080112911950e+02
1.818456227628251296e-03 1.690817977960755911e+02
1.825379588539198083e-03 1.687760278463417478e+02
1.832329308581353991e-03 1.684690937466626508e+02
1.839305488111152471e-03 1.681609910648007258e+02
1.846308227867107842e-03 1.677182159640654220e+02
1.853337628971278095e-03 1.665875896158083833e+02
1.860393792930715344e-03 1.654526586633793670e+02
1.867476821638942071e-03 1.643134067179708779e+02
1.874586817377413284e-03 1.631698173283795370e+02
1.881723882816999918e-03 1.620218739807671113e+02
1.888888121019467259e-03 1.608695600984231646e+02
1.896079635438967237e-03 1.597128590415246379e+02
1.903298529923527251e-03 1.585517541068967375e+02
1.910544908716555476e-03 1.573862285277704700e+02
1.917818876458339886e-03 1.562162654735417959e+02
1.925120538187566994e-03 1.550418480495273457e+02
1.932449999342829988e-03 1.538629592967214990e+02
1.939807365764159401e-03 1.526795821915507929e+02
1.947192743694544249e-03 1.514916996456287279e+02
1.954606239781473548e-03 1.502992945055079872e+02
1.962047961078468728e-03 1.491023495524341342e+02
1.969518015046636643e-03 1.479008475020955871e+02
1.977016509556215208e-03 1.466947710043750419e+02
1.984543552888134652e-03 1.454841026430985949e+02
1.992099253735582238e-03 1.443576988817527251e+02
1.999683721205566984e-03 1.434459379848845515e+02
2.007297064820501731e-03 1.425307057645620432e+02
2.014939394519776536e-03 1.416119890045062277e+02
2.022610820661355918e-03 1.406897744381197413e+02
2.030311454023363098e-03 1.397640487482960907e+02
2.038041405805687215e-03 1.388347985672265565e+02
2.045800787631581880e-03 1.379020104762078347e+02
2.053589711549287135e-03 1.369656710054474900e+02
2.061408290033634079e-03 1.360257666338704894e+02
2.069256635987682877e-03 1.350822837889226946e+02
2.077134862744340824e-03 1.341352088463762584e+02
2.085043084068010765e-03 1.331845281301313833e+02
2.092981414156220871e-03 1.322302279120203821e+02
2.100949967641286935e-03 1.312722944116080441e+02
2.108948859591956888e-03 1.303107137959937631e+02
2.116978205515080477e-03 1.293454721796108515e+02
2.125038121357268953e-03 1.283765556240269348e+02
2.133128723506580362e-03 1.274039501377416741e+02
2.141250128794187045e-03 1.264276416759857682e+02
2.149402454496076101e-03 1.254476161405171979e+02
2.157585818334731634e-03 1.244638593794184516e+02
2.165800338480841289e-03 1.234763571868916046e+02
2.174046133555001918e-03 1.224850953030532423e+02
2.182323322629428717e-03 1.214900594137290426e+02
2.190632025229681274e-03 1.204912351502461973e+02
2.198972361336381815e-03 1.194886080892269149e+02
2.207344451386954697e-03 1.184821637523792646e+02
2.215748416277359394e-03 1.174718876062888882e+02
2.224184377363843876e-03 1.164577650622081961e+02
2.232652456464687563e-03 1.154397814758468854e+02
2.241152775861969884e-03 1.144179221471592456e+02
2.249685458303327112e-03 1.104707074216205456e+02
2.258250627003735231e-03 1.034706913641236667e+02
2.266848405647276746e-03 9.644402432828003668e+01
2.275478918388938732e-03 8.939060484651427885e+01
2.284142289856396987e-03 8.231033106493902096e+01
2.292838645151821456e-03 7.520310074187807459e+01
2.301568109853676866e-03 6.806881124639728853e+01
2.310330810018544623e-03 6.090735955681353886e+01
2.319126872182932994e-03 5.371864225921657265e+01
2.327956423365113315e-03 4.650255554596712670e+01
2.336819591066947085e-03 3.925899521420481619e+01
2.345716503275731713e-03 3.198785666433986918e+01
2.354647288466048868e-03 2.468903489854107036e+01
2.363612075601614557e-03 1.913331931221319593e+01
2.372610994137149161e-03 1.913270762822267912e+01
2.381644174020238359e-03 1.913209361538367403e+01
2.390711745693218336e-03 1.913147726482961630e+01
2.399813840095051023e-03 1.913085856766019788e+01
2.408950588663221447e-03 1.913023751494119651e+01
2.418122123335631184e-03 1.912961409770439758e+01
2.427328576552507857e-03 1.912898830694743069e+01
2.436570081258312460e-03 1.912836013363365595e+01
2.445846770903665340e-03 1.912772956869202545e+01
2.455158779447265665e-03 1.912709660301696246e+01
2.464506241357835616e-03 1.912646122746820865e+01
2.473889291616050267e-03 1.912582343287072106e+01
2.483308065716499126e-03 1.912518321001451582e+01
2.492762699669631189e-03 1.901377008287739301e+01
2.502253330003729927e-03 1.890104255298405889e+01
2.511780093766873955e-03 1.878788583850977645e+01
2.521343128528926759e-03 1.867429830543126812e+01
2.530942572383512550e-03 1.856027831350414203e+01
2.540578563950021598e-03 1.844582421623909596e+01
2.550251242375601267e-03 1.833093436087821715e+01
2.559960747337171761e-03 1.821560708837110099e+01
2.569707219043443607e-03 1.809984073335083821e+01
2.579490798236936441e-03 1.798363362411007671e+01
2.589311626196019907e-03 1.786698408257675297e+01
2.599169844736943721e-03 1.774989042428997621e+01
2.609065596215896787e-03 1.763235095837560351e+01
2.618999023531051566e-03 1.751436398752192503e+01
2.628970270124637073e-03 1.739592780795503657e+01
2.638979479985002763e-03 1.727704070941436854e+01
2.649026797648705404e-03 1.715770097512785597e+01
2.659112368202587277e-03 1.703790688178726498e+01
2.669236337285879525e-03 1.693256549229743513e+01
2.679398851092299437e-03 1.684560627899166363e+01
2.689600056372165940e-03 1.675831598814379220e+01
2.699840100434514664e-03 1.667069335925095075e+01
2.710119131149229480e-03 1.658273712701116764e+01
2.720437296949171878e-03 1.649444602130514781e+01
2.730794746832332018e-03 1.640581876717786969e+01
2.741191630363971551e-03 1.631685408482024613e+01
2.751628097678793759e-03 1.622755068955055791e+01
2.762104299483099813e-03 1.613790729179601868e+01
2.772620387056975826e-03 1.604792259707400959e+01
2.783176512256470801e-03 1.595759530597350917e+01
2.793772827515788888e-03 1.586692411413629245e+01
2.804409485849498548e-03 1.577590771223803756e+01
2.815086640854730891e-03 1.568454478596951418e+01
2.825804446713408354e-03 1.559283401601751784e+01
2.836563058194461247e-03 1.550077407804588958e+01
2.847362630656072920e-03 1.540836364267633130e+01
2.858203320047911482e-03 1.531560137546927614e+01
2.869085282913394919e-03 1.522248593690452623e+01
2.880008676391939727e-03 1.512901598236202361e+01
2.890973658221239039e-03 1.500720293295228203e+01
2.901980386739532077e-03 1.479806162487391141e+01
2.913029020887900489e-03 1.458812405855447381e+01
2.924119720212553421e-03 1.437738720242081136e+01
2.935252644867139462e-03 1.416584801335764610e+01
2.946427955615053395e-03 1.395350343666380333e+01
2.957645813831762897e-03 1.374035040600795199e+01
2.968906381507132632e-03 1.352638584338447458e+01
2.980209821247772634e-03 1.331160665906884510e+01
2.991556296279374548e-03 1.309600975157323077e+01
3.002945970449079956e-03 1.287959200760147027e+01
3.014379008227838740e-03 1.266235030200428646e+01
3.025855574712785212e-03 1.244428149773415448e+01
3.037375835629629438e-03 1.222538244579982170e+01
3.048939957335037275e-03 1.208427721213861794e+01
3.060548106819047272e-03 1.194305489468868053e+01
3.072200451707468062e-03 1.180129490519720648e+01
3.083897160264311745e-03 1.165899519659943628e+01
3.095638401394211654e-03 1.151615371403694077e+01
3.107424344644873528e-03 1.137276839482782265e+01
3.119255160209511053e-03 1.122883716843705670e+01
3.131131018929316553e-03 1.108435795644643918e+01
3.143052092295915614e-03 1.093932867252475205e+01
3.155018552453855984e-03 1.079374722239744955e+01
3.167030572203079122e-03 1.064761150381659860e+01
3.179088325001431202e-03 1.050091940653034506e+01
3.191191984967151583e-03 1.035366881225262503e+01
3.203341726881405067e-03 1.020585759463236641e+01
3.215537726190785105e-03 1.005748361922301726e+01
3.227780159009869913e-03 9.897917177617451046e+00
3.240069202123743459e-03 9.636885057779782215e+00
3.252405032990568490e-03 9.374859117168430345e+00
3.264787829744131373e-03 9.111835572035579034e+00
3.277217771196429437e-03 8.847810624227529175e+00
3.289695036840241393e-03 8.582780461130047556e+00
3.302219806851724223e-03 8.316741255613248285e+00
3.314792262093020463e-03 8.049689165976200655e+00
3.327412584114855954e-03 7.715351837209642127e+00
3.340080955159178359e-03 6.991031635207662909e+00
3.352797558161773120e-03 6.263953747814528406e+00
3.365562576754918891e-03 5.534107675766462009e+00
3.378376195270024751e-03 4.801482879826536099e+00
3.391238598740309480e-03 4.066068780631620250e+00
3.404149972903454825e-03 3.327854758540460534e+00
3.417110504204304289e-03 2.586830153479532601e+00
3.430120379797541551e-03 1.842984264789885529e+00
3.443179787550406171e-03 1.096306351071822949e+00
3.456288916045391953e-03 3.467856300306264572e-01
3.469447954582985643e-03 5.849865537538303899e-03
3.482657093184386102e-03 5.799558013857051587e-03
3.495916522594261656e-03 5.749058955654536007e-03
3.509226434283490084e-03 5.698367633706390503e-03
3.522587020451938954e-03 5.647483316011866865e-03
3.535998474031226430e-03 5.596405267783308157e-03
3.549460988687521551e-03 5.545132751435499253e-03
3.562974758824326727e-03 5.493665026575056398e-03
3.576539979585293197e-03 5.442001349989710086e-03
3.590156846857042554e-03 5.390140975637562788e-03
3.603825557271983070e-03 5.338083154636357949e-03
3.617546308211163318e-03 5.285827135252610214e-03
3.631319297807108874e-03 5.233372162890806770e-03
3.645144724946697192e-03 5.180717480082456042e-03
3.659022789274015124e-03 5.127862326475204034e-03
3.672953691193257212e-03 5.074805938821796286e-03
3.686937631871603158e-03 5.021547550969120491e-03
3.700974813242139533e-03 4.968086393847078244e-03
3.715065438006759369e-03 4.914421695457539194e-03
3.729209709639106415e-03 4.850747866461272394e-03
3.743407832387493812e-03 4.786805487546868208e-03
3.757660011277874374e-03 4.722619662482909625e-03
3.771966452116781374e-03 4.658189464403250310e-03
3.786327361494319643e-03 4.593513962912866219e-03
3.800742946787128481e-03 4.528592224074512104e-03
3.815213416161397468e-03 4.463423310395138628e-03
3.829738978575852795e-03 4.398006280812447391e-03
3.844319843784790858e-03 4.332340190681223044e-03
3.858956222341093645e-03 4.266424091759759944e-03
3.873648325599283581e-03 4.200257032196098861e-03
3.888396365718559729e-03 4.133838056514350413e-03
3.903200555665871287e-03 4.067166205600868459e-03
3.918061109218996287e-03 4.000240516690362763e-03
3.932978240969615957e-03 3.933060023352076724e-03
3.947952166326426822e-03 3.865051901417776350e-03
3.962983101518239779e-03 3.791519982392293955e-03
3.978071263597115180e-03 3.717708107211598230e-03
3.993216870441480999e-03 3.643615210005952953e-03
4.008420140759296965e-03 3.569240220847519525e-03
4.023681294091196146e-03 3.494582065734995122e-03
4.039000550813669904e-03 3.419639666578013198e-03
4.054378132142237232e-03 3.344411941181664981e-03
4.069814260134650523e-03 3.268897803230795887e-03
4.085309157694091801e-03 3.193096162274377398e-03
4.100863048572401907e-03 3.117005923709712401e-03
4.116476157373299277e-03 3.040625988766677834e-03
4.132148709555638622e-03 2.963955254491797749e-03
4.147880931436649654e-03 2.886992613732388812e-03
4.163673050195221791e-03 2.664664621026796576e-03
4.179525293875168898e-03 2.415600020949315151e-03
4.195437891388539148e-03 2.165587163723619799e-03
4.211411072518901448e-03 1.914622439075122119e-03
4.227445067924683053e-03 1.662702222983755652e-03
4.243540109142484619e-03 1.409822877631948914e-03
4.259696428590430822e-03 1.155980751351934474e-03
4.275914259571530519e-03 9.011721785729570914e-04
4.292193836277033436e-03 8.599856943588599740e-04
4.308535393789829360e-03 8.427427225613765656e-04
4.324939168087820439e-03 8.254341020476296765e-04
4.341405396047355938e-03 8.080595828749695050e-04
4.357934315446623623e-03 7.906189141491588076e-04
4.374526164969110530e-03 7.731118440207257513e-04
4.391181184207028181e-03 7.555381196813487502e-04
4.407899613664786366e-03 7.378974873601873083e-04
4.424681694762456520e-03 7.201896923202333540e-04
4.441527669839268923e-03 7.024144788546167126e-04
4.458437782157099495e-03 6.512899572329251862e-04
4.475412275903992154e-03 5.220675748084057082e-04
4.492451396197679435e-03 3.923532073816229037e-04
4.509555389089128265e-03 2.621449818308873875e-04
4.526724501566082269e-03 1.314410179030926816e-04
4.543958981556641373e-03 2.394281864394049106e-07
