1.224744871391588941e+00 -7.071067811865476838e-01
1.241218969340889267e+00 -7.169754544349892234e-01
1.257138384202201253e+00 -7.272587178183143042e-01
1.272481432594593898e+00 -7.379756338611590527e-01
1.287225030687418448e+00 -7.491464004154667622e-01
1.301344539936457823e+00 -7.607924148282256827e-01
1.314813594733047930e+00 -7.729363396317426860e-01
1.327603909740603383e+00 -7.856021690760726095e-01
1.339685064426009209e+00 -7.988152955779589393e-01
1.351024262002128440e+00 -8.126025748501487511e-01
1.361586059683569827e+00 -8.269923880833018881e-01
1.371332066824328288e+00 -8.420146990603430970e-01
1.380220607159146295e+00 -8.577011034660102506e-01
1.388206341020891132e+00 -8.740848668832725821e-01
1.395239843070077868e+00 -8.912009470077472129e-01
1.401267130774176639e+00 -9.090859944185164521e-01
1.406229138649103705e+00 -9.277783247679420864e-01
1.410061133174054682e+00 -9.473178534342242552e-01
1.412692063385246444e+00 -9.677459814491420342e-01
1.414043842543573515e+00 -9.891054187910489626e-01
1.414030557092045504e+00 -1.011439927833660990e+00
1.412557600556068049e+00 -1.034793965774688962e+00
1.409520732340762139e+00 -1.059212200148886840e+00
1.404805064872060916e+00 -1.084738865988082557e+00
1.398283987638793358e+00 -1.111416926794183357e+00
1.389818043967676608e+00 -1.139286994278207787e+00
1.379253786486458244e+00 -1.168385953946884159e+00
1.366422651036196534e+00 -1.198745235437891798e+00
1.351139907258974038e+00 -1.230388658658552847e+00
1.333203768293578229e+00 -1.263329780345487263e+00
1.312394773047608876e+00 -1.297568662319400046e+00
1.288475593285580034e+00 -1.333087984970774631e+00
1.261191464667847040e+00 -1.369848440950503843e+00
1.230271495231123779e+00 -1.407783369493714742e+00
1.195431164102038535e+00 -1.446792637468020892e+00
1.156376382008666326e+00 -1.486735846458411281e+00
1.112809533597443057e+00 -1.527425053754615014e+00
1.064437944072346154e+00 -1.568617345587328682e+00
1.010985186741957698e+00 -1.610007795917540951e+00
9.522055443696495480e-01 -1.651223577624393535e+00
8.879017222514811181e-01 -1.691820244910174686e+00
8.179455537315792890e-01 -1.731281435504885335e+00
7.423009233207695790e-01 -1.769023383442384745e+00
6.610474753691091276e-01 -1.804405599605813260e+00
5.744029469410398825e-01 -1.836748770189405855e+00
4.827412990780906576e-01 -1.865360264321483497e+00
3.866034211035207502e-01 -1.889566615564939100e+00
2.866972751343992987e-01 -1.908751041066284238e+00
1.838851136980571011e-01 -1.922392715359764193e+00
7.915688279693461338e-02 -1.930103465306231447e+00
-2.640906149259578117e-02 -1.931657166859020780e+00
-1.316946463345685103e-01 -1.927007661306329833e+00
-2.355951633483031604e-01 -1.916292483420577453e+00
-3.370708623786644598e-01 -1.899821823800776910e+00
-4.351914744228527754e-01 -1.878054421655546147e+00
-5.291694299843734406e-01 -1.851563939353094046e+00
-6.183795549293571447e-01 -1.821000392737870621e+00
-7.023651701668133240e-01 -1.787051267188208836e+00
-7.808323063193890468e-01 -1.750406188568371935e+00
-8.536348744502616492e-01 -1.711727772373545342e+00
-9.207540469169613884e-01 -1.671629913592277639e+00
-9.822749212954887676e-01 -1.630663596146507244e+00
-1.038362980328480623e+00 -1.589309454205630745e+00
-1.089242142488658693e+00 -1.547975841714846812e+00
-1.135175491774724765e+00 -1.507001008041987777e+00
-1.176449184045371243e+00 -1.466658044054839349e+00
-1.213359591253988956e+00 -1.427161458666509786e+00
-1.246203462154039210e+00 -1.388674493328583059e+00
-1.275270722963409931e+00 -1.351316528369954861e+00
-1.300839480694172101e+00 -1.315170150807647875e+00
-1.323172793406534709e+00 -1.280287626062274198e+00
-1.342516809486530738e+00 -1.246696644872006932e+00
-1.359099933209615862e+00 -1.214405306637649229e+00
-1.373132733809470540e+00 -1.183406358902586275e+00
-1.384808372569381385e+00 -1.153680747374213000e+00
-1.394303373255667333e+00 -1.125200548649862853e+00
-1.401778604047585031e+00 -1.097931364138526877e+00
-1.407380373930892326e+00 -1.071834252754110484e+00
-1.411241574012811251e+00 -1.046867274808827242e+00
-1.413482815413118265e+00 -1.022986712225732120e+00
-1.414213531391505851e+00 -1.000148022072347986e+00
-1.413533023222286023e+00 -9.783065723321086038e-01
-1.411531437931739408e+00 -9.574182012583767332e-01
-1.408290672129482335e+00 -9.374396348402005419e-01
-1.403885200406415956e+00 -9.183287909402290117e-01
-1.398382829621979795e+00 -9.000449935414122082e-01
-1.391845382237126394e+00 -8.825491162062477635e-01
-1.384329312951759317e+00 -8.658036702305256238e-01
-1.375886263490775141e+00 -8.497728499736989516e-01
-1.366563560610253525e+00 -8.344225453815210525e-01
-1.356404662381448301e+00 -8.197203297007836786e-01
-1.345449557639459170e+00 -8.056354287467401010e-01
-1.333735123216336360e+00 -7.921386767564505549e-01
-1.321295443257375801e+00 -7.792024627904763356e-01
-1.308162094574025547e+00 -7.668006707843990633e-01
-1.294364401637074558e+00 -7.549086156615828491e-01
-1.279929664472606810e+00 -7.435029773671618658e-01
-1.264883362398836475e+00 -7.325617342439439961e-01
-1.249249336238976937e+00 -7.220640968220468636e-01
-1.233049951366136154e+00 -7.119904428179966160e-01
-1.216306243681507748e+00 -7.023222539213623827e-01
-1.199038050396510346e+00 -6.930420547761677597e-01
-1.181264127281942855e+00 -6.841333544309533554e-01
-1.163002253861242563e+00 -6.755805904278734397e-01
-1.144269327858897123e+00 -6.673690756215459041e-01
-1.125081450067248356e+00 -6.594849477576203434e-01
-1.105454000663619318e+00 -6.519151217952772193e-01
-1.085401707893245637e+00 -6.446472449239729618e-01
-1.064938709930331573e+00 -6.376696542001679680e-01
-1.044078610638257132e+00 -6.309713367125283634e-01
-1.022834529869216524e+00 -6.245418921725486294e-01
-1.001219148872161568e+00 -6.183714978204244428e-01
-9.792447513147982674e-01 -6.124508755322985998e-01
-9.569232603695914108e-01 -6.067712610138921159e-01
-9.342662722643713114e-01 -6.013243749663730320e-01
-9.112850866545018080e-01 -5.961023961126059589e-01
-8.879907341349577710e-01 -5.910979359752656093e-01
-8.643940011764629228e-01 -5.863040153023653112e-01
-8.405054527395855457e-01 -5.817140420403208445e-01
-8.163354527938517791e-01 -5.773217907595317167e-01
-7.918941829451502379e-01 -5.731213834424824238e-01
-7.671916593536017848e-01 -5.691072715494395196e-01
-7.422377481053356041e-01 -5.652742192818446254e-01
-7.170421791849442839e-01 -5.616172879684380170e-01
-6.916145591806249771e-01 -5.581318215039388075e-01
-6.659643828408134958e-01 -5.548134327747229477e-01
-6.401010435894184392e-01 -5.516579910103625028e-01
-6.140338430963132588e-01 -5.486616100041143973e-01
-5.877719999904347237e-01 -5.458206371494491727e-01
-5.613246577945509852e-01 -5.431316432435157049e-01
-5.347008921533338288e-01 -5.405914130120189620e-01
-5.079097174197788611e-01 -5.381969363133832784e-01
-4.809600926591196535e-01 -5.359453999832608506e-01
-4.538609271240789389e-01 -5.338341802834495331e-01
-4.266210852506442386e-01 -5.318608359221165260e-01
-3.992493912193020855e-01 -5.300231016148814200e-01
-3.717546331229477641e-01 -5.283188821588229445e-01
-3.441455667793365536e-01 -5.267462469938288816e-01
-3.164309192229401435e-01 -5.253034252279390470e-01
-2.886193919084581450e-01 -5.239888011054305572e-01
-2.607196636558374303e-01 -5.228009098983801284e-01
-2.327403933645985634e-01 -5.217384342043261958e-01
-2.046902225234227546e-01 -5.208002006344389923e-01
-1.765777775393145566e-01 -5.199851768783094741e-01
-1.484116719092879177e-01 -5.192924691331005649e-01
-1.202005082562604965e-01 -5.187213198863607211e-01
-9.195288024982628539e-02 -5.182711060433010664e-01
-6.367737443169915745e-02 -5.179413373907925111e-01
-3.538257196486951917e-02 -5.177316553917413744e-01
-7.077050324985592784e-03 -5.176418323048816994e-01
2.123061504801278948e-02 -5.176717706263617158e-01
4.953184912022764314e-02 -5.178215028508329487e-01
7.781807563853186671e-02 -5.180911915510597598e-01
1.060807154921271783e-01 -5.184811297763772808e-01
1.343111850432659460e-01 -5.189917417716329862e-01
1.625008944092691809e-01 -5.196235840195665423e-01
1.906412456775635478e-01 -5.203773466109175017e-01
2.187236310350020863e-01 -5.212538549479093231e-01
2.467394307920546259e-01 -5.222540717881455352e-01
2.746800112816576989e-01 -5.233790996373857141e-01
3.025367226115811548e-01 -5.246301835011416559e-01
3.303008962479960231e-01 -5.260087140065650146e-01
3.579638424066600710e-01 -5.275162309076915079e-01
3.855168472265975144e-01 -5.291544269887696883e-01
4.129511696994270231e-01 -5.309251523821489904e-01
4.402580383255596530e-01 -5.328304193190368521e-01
4.674286474662248114e-01 -5.348724073333664952e-01
4.944541533578325487e-01 -5.370534689410640938e-01
5.213256697523341865e-01 -5.393761358191623279e-01
5.480342631440885404e-01 -5.418431255115012668e-01
5.745709475402260846e-01 -5.444573486901903570e-01
6.009266787274857302e-01 -5.472219170045830028e-01
6.270923479841024051e-01 -5.501401515522669206e-01
6.530587751803035301e-01 -5.532155920094797841e-01
6.788167012054119320e-01 -5.564520064614650874e-01
7.043567796533176661e-01 -5.598534019765668557e-01
7.296695676910536221e-01 -5.634240359713483803e-01
7.547455160274145758e-01 -5.671684284177208601e-01
7.795749578897247511e-01 -5.710913749469604950e-01
8.041480969070409213e-01 -5.751979609096162793e-01
8.284549937869956082e-01 -5.794935764546293999e-01
8.524855516610592154e-01 -5.839839326955059695e-01
8.762294999590667377e-01 -5.886750790360981700e-01
8.996763766581226118e-01 -5.935734217334033280e-01
9.228155087333763662e-01 -5.986857437797903359e-01
9.456359906182497665e-01 -6.040192261921127903e-01
9.681266604592980718e-01 -6.095814708002245119e-01
9.902760739256505351e-01 -6.153805246323810207e-01
1.012072475304441888e+00 -6.214249059997316582e-01
1.033503765581522016e+00 -6.277236323864674450e-01
1.054557467170376350e+00 -6.342862502559178939e-01
1.075220684911135871e+00 -6.411228668857504864e-01
1.095480062915183073e+00 -6.482441843470561071e-01
1.115321736778338346e+00 -6.556615357420279011e-01
1.134731280626306127e+00 -6.633869238126326451e-01
1.153693648388892878e+00 -6.714330620273679662e-01
1.172193108623582392e+00 -6.798134182440139783e-01
1.190213172123204322e+00 -6.885422610320727221e-01
1.207736511445348437e+00 -6.976347087178951245e-01
1.224744871391588719e+00 -7.071067811865475727e-01
