7.071067811865474617e-01 -1.224744871391589163e+00
7.123990658463430492e-01 -1.234526678831230351e+00
7.171013752027923793e-01 -1.244536559927002406e+00
7.211961877128119092e-01 -1.254773233147468359e+00
7.246656728146300130e-01 -1.265234906138712256e+00
7.274917051468071660e-01 -1.275919222329470859e+00
7.296558832358898128e-01 -1.286823204076213090e+00
7.311395532402346076e-01 -1.297943192337538854e+00
7.319238383847044283e-01 -1.309274782914002788e+00
7.319896747671342796e-01 -1.320812759346047027e+00
7.313178542612543964e-01 -1.332551022630234172e+00
7.298890752805158311e-01 -1.344482517993545789e+00
7.276840022009237741e-01 -1.356599159058191617e+00
7.246833342661331834e-01 -1.368891749836070870e+00
7.208678848118680316e-01 -1.381349905113498755e+00
7.162186716458863733e-01 -1.393961969923432909e+00
7.107170194005580921e-01 -1.406714938954308547e+00
7.043446746334856012e-01 -1.419594376911156530e+00
6.970839343829928758e-01 -1.432584341024784047e+00
6.889177887849763371e-01 -1.445667307096462073e+00
6.798300782205569659e-01 -1.458824100665724099e+00
6.698056652853388027e-01 -1.472033835093420340e+00
6.588306216461390363e-01 -1.485273858555542059e+00
6.468924295757846332e-01 -1.498519712138605575e+00
6.339801976277493756e-01 -1.511745101406008596e+00
6.200848895283230799e-01 -1.524921883956676716e+00
6.051995649247273734e-01 -1.538020075610847526e+00
5.893196301356965483e-01 -1.551007877920064448e+00
5.724430965120231862e-01 -1.563851729695326487e+00
5.545708434375026252e-01 -1.576516385164389966e+00
5.357068823986375072e-01 -1.588965021192018767e+00
5.158586179417875561e-01 -1.601159375712147614e+00
4.950371007410477864e-01 -1.613059919117140417e+00
4.732572674452509287e-01 -1.624626059818528256e+00
4.505381614882225105e-01 -1.635816384532283285e+00
4.269031286658885871e-01 -1.646588933052250292e+00
4.023799810417705292e-01 -1.656901506367323140e+00
3.770011226734307219e-01 -1.666712005968981503e+00
3.508036307887292260e-01 -1.675978801112316674e+00
3.238292864096374291e-01 -1.684661119670915141e+00
2.961245490423709548e-01 -1.692719457107494607e+00
2.677404709349723300e-01 -1.700115997018433189e+00
2.387325475435253253e-01 -1.706815035756471310e+00
2.091605022275691561e-01 -1.712783402848888414e+00
1.790880047799565944e-01 -1.717990868363479695e+00
1.485823251367132947e-01 -1.722410528080913217e+00
1.177139254445326577e-01 -1.726019157348813282e+00
8.655599551202150521e-02 -1.728797524845500311e+00
5.518393845283463967e-02 -1.730730658177988213e+00
2.367481495899830674e-02 -1.731808054268755948e+00
-7.893243961138574419e-03 -1.732023828818161970e+00
-3.944164485701396466e-02 -1.731376800714462538e+00
-7.089194867581968817e-02 -1.729870509035078774e+00
-1.021664846049644831e-01 -1.727513162162337634e+00
-1.331889490598962555e-01 -1.724317520438481077e+00
-1.638849784837951018e-01 -1.720300715620779686e+00
-1.941826855377914718e-01 -1.715484012085141785e+00
-2.240131495112315796e-01 -1.709892516192639489e+00
-2.533108533045064226e-01 -1.703554841419601784e+00
-2.820140610536703285e-01 -1.696502737717786591e+00
-3.100651322919677488e-01 -1.688770694095937275e+00
-3.374107703936569669e-01 -1.680395523596508012e+00
-3.640022048405062161e-01 -1.671415939698760456e+00
-3.897953085209668878e-01 -1.661872132744417696e+00
-4.147506527593087799e-01 -1.651805354299494155e+00
-4.388335040349918836e-01 -1.641257516488371815e+00
-4.620137673650868693e-01 -1.630270812320326668e+00
-4.842658820738632852e-01 -1.618887361930913871e+00
-5.055686761667448348e-01 -1.607148888534096542e+00
-5.259051857754393211e-01 -1.595096426772927956e+00
-5.452624461709207893e-01 -1.582770065106514634e+00
-5.636312606811997306e-01 -1.570208722909731902e+00
-5.810059535351337345e-01 -1.557449962111752129e+00
-5.973841122168577211e-01 -1.544529832473351405e+00
-6.127663243918601843e-01 -1.531482749006989552e+00
-6.271559138870411720e-01 -1.518341399577122885e+00
-6.405586796015461104e-01 -1.505136680375151803e+00
-6.529826406168338648e-01 -1.491897656733950583e+00
-6.644377901829700006e-01 -1.478651546618617418e+00
-6.749358606987274634e-01 -1.465423724088866342e+00
-6.844901012867172785e-01 -1.452237740059831639e+00
-6.931150690986938034e-01 -1.439115357777624116e+00
-7.008264350743460547e-01 -1.426076600560240326e+00
-7.076408045205553332e-01 -1.413139809521047674e+00
-7.135755525763689544e-01 -1.400321709180191165e+00
-7.186486743792949161e-01 -1.387637479069537383e+00
-7.228786495472967477e-01 -1.375100829641524802e+00
-7.262843204336218994e-01 -1.362724080995225684e+00
-7.288847834935311409e-01 -1.350518243129287033e+00
-7.306992930181352985e-01 -1.338493096617613842e+00
-7.317471764360097275e-01 -1.326657272777184593e+00
-7.320477603534026878e-01 -1.315018332556715963e+00
-7.316203064943409551e-01 -1.303582843519158763e+00
-7.304839567088675656e-01 -1.292356454420029443e+00
-7.286576862374949393e-01 -1.281343966997589234e+00
-7.261602644496993886e-01 -1.270549404690464401e+00
-7.230102223112615523e-01 -1.259976078084300122e+00
-7.192258258772701307e-01 -1.249626646962457732e+00
-7.148250551527826069e-01 -1.239503178897650049e+00
-7.098255877099711730e-01 -1.229607204372937357e+00
-7.042447864978522709e-01 -1.219939768462753760e+00
-6.980996913274486459e-01 -1.210501479138692549e+00
-6.914070135607327527e-01 -1.201292552291718829e+00
-6.841831335753950638e-01 -1.192312853583185062e+00
-6.764441006189993999e-01 -1.183561937252461949e+00
-6.682056347051601453e-01 -1.175039082019902148e+00
-6.594831302408630247e-01 -1.166743324230981260e+00
-6.502916611078825015e-01 -1.158673488391437356e+00
-6.406459869524160355e-01 -1.150828215244606323e+00
-6.305605604656321361e-01 -1.143205987541439317e+00
-6.200495354638714263e-01 -1.135805153651287647e+00
-6.091267756008920120e-01 -1.128623949157836925e+00
-5.978058635659210251e-01 -1.121660516579857214e+00
-5.861001106405310246e-01 -1.114912923350977803e+00
-5.740225665046213566e-01 -1.108379178186719827e+00
-5.615860291972392115e-01 -1.102057245960695875e+00
-5.488030551517373290e-01 -1.095945061205367166e+00
-5.356859692369969617e-01 -1.090040540346161047e+00
-5.222468747472930328e-01 -1.084341592771197682e+00
-5.084976632929431029e-01 -1.078846130832394445e+00
-4.944500245523255066e-01 -1.073552078867434645e+00
-4.801154558532529926e-01 -1.068457381325977007e+00
-4.655052715581893263e-01 -1.063560010077639895e+00
-4.506306122334473030e-01 -1.058857970973680507e+00
-4.355024535874600922e-01 -1.054349309728988882e+00
-4.201316151674859278e-01 -1.050032117185966563e+00
-4.045287688078220145e-01 -1.045904534017108034e+00
-3.887044468258000762e-01 -1.041964754918649039e+00
-3.726690499645745058e-01 -1.038211032343430151e+00
-3.564328550840838439e-01 -1.034641679817235094e+00
-3.400060226035495625e-01 -1.031255074879174671e+00
-3.233986037005954772e-01 -1.028049661683290150e+00
-3.066205472735091253e-01 -1.025023953295376433e+00
-2.896817066743562763e-01 -1.022176533716056657e+00
-2.725918462217021276e-01 -1.019506059658418451e+00
-2.553606475024995381e-01 -1.017011262105957492e+00
-2.379977154734149170e-01 -1.014690947674216082e+00
-2.205125843724310974e-01 -1.012543999797317573e+00
-2.029147234520040366e-01 -1.010569379758545550e+00
-1.852135425454465856e-01 -1.008766127582234162e+00
-1.674183974784788087e-01 -1.007133362802468568e+00
-1.495385953381281330e-01 -1.005670285122453933e+00
-1.315833996113394688e-01 -1.004376174976878255e+00
-1.135620352057715166e-01 -1.003250394008155189e+00
-9.548369336538170549e-02 -1.002292385466089009e+00
-7.735753649344474792e-02 -1.001501674539225561e+00
-5.919270289572022697e-02 -1.000877868624959754e+00
-4.099831145651525871e-02 -1.000420657544303094e+00
-2.278346626039539496e-02 -1.000129813706143622e+00
-4.557261172337106342e-03 -1.000005192224745709e+00
1.367121561090820815e-02 -1.000046730993228161e+00
3.189287702543269071e-02 -1.000254450714747723e+00
5.009863260799371498e-02 -1.000628454892125596e+00
6.827938395424133777e-02 -1.001168929775669625e+00
8.642602015455505549e-02 -1.001876144267963786e+00
1.045294131947140798e-01 -1.002750449783393893e+00
1.225804133086032671e-01 -1.003792280059168762e+00
1.405698442701950879e-01 -1.005002150913552494e+00
1.584884986120474459e-01 -1.006380659945945277e+00
1.763271327575853809e-01 -1.007928486172332327e+00
1.940764620544927210e-01 -1.009646389588440885e+00
2.117271556965728829e-01 -1.011535210651712591e+00
2.292698315215499216e-01 -1.013595869671885197e+00
2.466950506723780689e-01 -1.015829366098594200e+00
2.639933121097811086e-01 -1.018236777692906436e+00
2.811550469639635397e-01 -1.020819259568132686e+00
2.981706127136631856e-01 -1.023578043083543054e+00
3.150302871810744532e-01 -1.026514434572797674e+00
3.317242623315622141e-01 -1.029629813886940193e+00
3.482426378675983480e-01 -1.032925632729673193e+00
3.645754146069952739e-01 -1.036403412760378062e+00
3.807124876362478760e-01 -1.040064743437869144e+00
3.966436392307405301e-01 -1.043911279575240991e+00
4.123585315346678937e-01 -1.047944738573315826e+00
4.278466989948384591e-01 -1.052166897297138304e+00
4.430975405441062720e-01 -1.056579588556668892e+00
4.581003115320088082e-01 -1.061184697149296863e+00
4.728441154023813042e-01 -1.065984155418002510e+00
4.873178951202393749e-01 -1.070979938274942755e+00
5.015104243532078065e-01 -1.076174057635909120e+00
5.154102984162040046e-01 -1.081568556206494724e+00
5.290059249920714413e-01 -1.087165500555915099e+00
5.422855146454700348e-01 -1.092966973409247533e+00
5.552370711526019020e-01 -1.098975065083390268e+00
5.678483816754382740e-01 -1.105191863986325851e+00
5.801070068160335547e-01 -1.111619446093280672e+00
5.920002705944280574e-01 -1.118259863307175195e+00
6.035152504026333187e-01 -1.125115130604374736e+00
6.146387669973790713e-01 -1.132187211860224307e+00
6.253573746058254113e-01 -1.139478004242266973e+00
6.356573512314277474e-01 -1.146989321052480637e+00
6.455246892617216847e-01 -1.154722872893426455e+00
6.549450864961483543e-01 -1.162680247027040981e+00
6.639039377302651257e-01 -1.170862884789047431e+00
6.723863270529981673e-01 -1.179272056916862432e+00
6.803770210360738924e-01 -1.187908836644613775e+00
6.878604630196030190e-01 -1.196774070415803859e+00
6.948207687250922415e-01 -1.205868346062536567e+00
7.012417234570111901e-01 -1.215191958300510633e+00
7.071067811865473507e-01 -1.224744871391588941e+00
