0.000000000000000000e+00 -1.414213562373095145e+00
2.274976380556005540e-02 -1.433330680996053985e+00
4.613232463365556785e-02 -1.451800695648074013e+00
7.016480556428471294e-02 -1.469598175226628944e+00
9.486545989187139538e-02 -1.486696036842783952e+00
1.202537333190954877e-01 -1.503065362888610368e+00
1.463503264166131357e-01 -1.518675196539936545e+00
1.731772563485901306e-01 -1.533492313026848075e+00
2.007579165452248182e-01 -1.547480963682819510e+00
2.291171326028036137e-01 -1.560602589432528386e+00
2.582812121896451707e-01 -1.572815500000051214e+00
2.882779861084155959e-01 -1.584074514717449533e+00
3.191368368822264379e-01 -1.594330560396528762e+00
3.508887102577723516e-01 -1.603530221306628256e+00
3.835661038100959819e-01 -1.611615235898750553e+00
4.172030253383101073e-01 -1.618521934561283349e+00
4.518349118978678969e-01 -1.624180612429052983e+00
4.874984980502344301e-01 -1.628514831158548892e+00
5.242316191415643534e-01 -1.631440643716736139e+00
5.620729320544699537e-01 -1.632865736732540096e+00
6.010615318096080850e-01 -1.632688485998406325e+00
6.412364375227492808e-01 -1.630796922514416103e+00
6.826359154520005301e-01 -1.627067609347518262e+00
7.252966001276313079e-01 -1.621364433941190120e+00
7.692523668247068791e-01 -1.613537326887268364e+00
8.145328999932188729e-01 -1.603420927241199445e+00
8.611618929382596210e-01 -1.590833227074628153e+00
9.091548045339442607e-01 -1.575574245147772778e+00
9.585160899333324824e-01 -1.557424802552977550e+00
1.009235815536988268e+00 -1.536145503251991506e+00
1.061285566125356183e+00 -1.511476060911635333e+00
1.114613557319336312e+00 -1.483135161378622335e+00
1.169138884021603042e+00 -1.450821107864297188e+00
1.224744871391589163e+00 -1.414213562373094479e+00
1.281271557028421659e+00 -1.372976768610323806e+00
1.338507430470827098e+00 -1.326764711210083769e+00
1.396180698177746926e+00 -1.275228720732158427e+00
1.453950536114652303e+00 -1.218028053248517484e+00
1.511399039337438577e+00 -1.154843928698064737e+00
1.568024868267103855e+00 -1.085397366729771829e+00
1.623239895351192175e+00 -1.009470871587085927e+00
1.676370417650096201e+00 -9.269335531365356928e-01
1.726664634042835766e+00 -8.377686155886284736e-01
1.773307977766599874e+00 -7.421013296080475330e-01
1.815447427686075699e+00 -6.402247271176702004e-01
1.852225010991990883e+00 -5.326195043504982074e-01
1.882819362069058533e+00 -4.199642422647255624e-01
1.906492568113333341e+00 -3.031323266249834614e-01
1.922637929943505464e+00 -1.831730652379348345e-01
1.930823137057259720e+00 -6.127645313761485857e-02
1.930823137057259720e+00 6.127645313761523327e-02
1.922637929943505464e+00 1.831730652379352231e-01
1.906492568113333341e+00 3.031323266249838499e-01
1.882819362069058533e+00 4.199642422647251183e-01
1.852225010991990883e+00 5.326195043504986515e-01
1.815447427686076365e+00 6.402247271176700893e-01
1.773307977766599874e+00 7.421013296080479771e-01
1.726664634042836655e+00 8.377686155886284736e-01
1.676370417650096201e+00 9.269335531365360259e-01
1.623239895351192841e+00 1.009470871587085927e+00
1.568024868267103855e+00 1.085397366729772273e+00
1.511399039337439243e+00 1.154843928698064959e+00
1.453950536114652303e+00 1.218028053248517706e+00
1.396180698177747370e+00 1.275228720732158205e+00
1.338507430470827098e+00 1.326764711210084213e+00
1.281271557028422547e+00 1.372976768610324250e+00
1.224744871391588275e+00 1.414213562373094257e+00
1.169138884021603042e+00 1.450821107864297188e+00
1.114613557319336312e+00 1.483135161378622113e+00
1.061285566125356183e+00 1.511476060911634889e+00
1.009235815536988046e+00 1.536145503251991506e+00
9.585160899333324824e-01 1.557424802552977550e+00
9.091548045339442607e-01 1.575574245147772778e+00
8.611618929382596210e-01 1.590833227074627931e+00
8.145328999932186509e-01 1.603420927241199445e+00
7.692523668247066571e-01 1.613537326887267920e+00
7.252966001276313079e-01 1.621364433941189676e+00
6.826359154520007522e-01 1.627067609347517818e+00
6.412364375227491697e-01 1.630796922514416103e+00
6.010615318096080850e-01 1.632688485998406103e+00
5.620729320544700647e-01 1.632865736732539874e+00
5.242316191415641313e-01 1.631440643716736139e+00
4.874984980502342635e-01 1.628514831158548892e+00
4.518349118978678969e-01 1.624180612429052983e+00
4.172030253383101628e-01 1.618521934561283349e+00
3.835661038100957043e-01 1.611615235898750775e+00
3.508887102577721850e-01 1.603530221306628034e+00
3.191368368822264379e-01 1.594330560396528762e+00
2.882779861084157069e-01 1.584074514717449533e+00
2.582812121896450042e-01 1.572815500000051436e+00
2.291171326028035304e-01 1.560602589432528386e+00
2.007579165452248737e-01 1.547480963682819510e+00
1.731772563485902694e-01 1.533492313026848297e+00
1.463503264166129969e-01 1.518675196539936545e+00
1.202537333190954738e-01 1.503065362888610590e+00
9.486545989187147865e-02 1.486696036842784174e+00
7.016480556428451865e-02 1.469598175226628500e+00
4.613232463365547764e-02 1.451800695648073791e+00
2.274976380556006234e-02 1.433330680996053985e+00
8.659560562354935323e-17 1.414213562373095145e+00
-8.659560562354935323e-17 1.414213562373095145e+00
-2.213302082929000797e-02 1.394473282838775363e+00
-4.366434331501609090e-02 1.374132444076091142e+00
-6.460806034596326686e-02 1.353212437856311068e+00
-8.497736851940305980e-02 1.331733563966523537e+00
-1.047846212056699200e-01 1.309715136075831232e+00
-1.240413791286658768e-01 1.287175576848782255e+00
-1.427584584230807419e-01 1.264132503466234292e+00
-1.609459761723876225e-01 1.240602804582365826e+00
-1.786133934640196930e-01 1.216602709630232981e+00
-1.957695560218406516e-01 1.192147851285421778e+00
-2.124227324929476024e-01 1.167253321806445587e+00
-2.285806504774217651e-01 1.141933723890233621e+00
-2.442505303970788355e-01 1.116203216610083926e+00
-2.594391173034698017e-01 1.090075556940780066e+00
-2.741527107271281571e-01 1.063564137320137659e+00
-2.883971926699069321e-01 1.036682019647272135e+00
-3.021780538407070615e-01 1.009441966074548613e+00
-3.155004182323002393e-01 9.818564669118283739e-01
-3.283690661336318151e-01 9.539377659276923049e-01
-3.407884556681424759e-01 9.256978833022370123e-01
-3.527627429444822882e-01 8.971486364593815876e-01
-3.642958009016223908e-01 8.683016589829866128e-01
-3.753912369259227999e-01 8.391684178000801131e-01
-3.860524093132673418e-01 8.097602287958437506e-01
-3.962824426449697013e-01 7.800882710084452443e-01
-4.060842421418687787e-01 7.501635995370490306e-01
-4.154605070568623271e-01 7.199971572832259969e-01
-4.244137431621219925e-01 6.895997856342838128e-01
-4.329462743833876748e-01 6.589822341866438116e-01
-4.410602536300766152e-01 6.281551695980869265e-01
-4.487576728664501857e-01 5.971291836494255767e-01
-4.560403724657756674e-01 5.659148005887536526e-01
-4.629100498862758761e-01 5.345224838248490151e-01
-4.693682677046987495e-01 5.029626420304024181e-01
-4.754164610405257618e-01 4.712456347105060117e-01
-4.810559444011878183e-01 4.393817772871317362e-01
-4.862879179761451232e-01 4.073813457461745169e-01
-4.911134734053192452e-01 3.752545808898888891e-01
-4.955335990451124051e-01 3.430116922342535402e-01
-4.995491847531255414e-01 3.106628615878451183e-01
-5.031610262106585019e-01 2.782182463462088418e-01
-5.063698288001565739e-01 2.456879825334011835e-01
-5.091762110529285401e-01 2.130821876203726761e-01
-5.115807076807101783e-01 1.804109631480788345e-01
-5.135837722029592545e-01 1.476843971816890200e-01
-5.151857791801518482e-01 1.149125666209389607e-01
-5.163870260617798857e-01 8.210553939057275985e-02
-5.171877346562320232e-01 4.927337653389038397e-02
-5.175880522282567675e-01 1.642613423168947859e-02
-5.175880522282567675e-01 -1.642613423168937797e-02
-5.171877346562320232e-01 -4.927337653389028682e-02
-5.163870260617798857e-01 -8.210553939057264883e-02
-5.151857791801518482e-01 -1.149125666209390856e-01
-5.135837722029592545e-01 -1.476843971816889090e-01
-5.115807076807102893e-01 -1.804109631480789733e-01
-5.091762110529285401e-01 -2.130821876203725651e-01
-5.063698288001564629e-01 -2.456879825334012668e-01
-5.031610262106585019e-01 -2.782182463462087307e-01
-4.995491847531254859e-01 -3.106628615878452293e-01
-4.955335990451124051e-01 -3.430116922342534291e-01
-4.911134734053191897e-01 -3.752545808898889446e-01
-4.862879179761451232e-01 -4.073813457461744059e-01
-4.810559444011877628e-01 -4.393817772871318472e-01
-4.754164610405257618e-01 -4.712456347105059007e-01
-4.693682677046986385e-01 -5.029626420304025292e-01
-4.629100498862758761e-01 -5.345224838248486821e-01
-4.560403724657756674e-01 -5.659148005887536526e-01
-4.487576728664501857e-01 -5.971291836494256877e-01
-4.410602536300766152e-01 -6.281551695980871486e-01
-4.329462743833877303e-01 -6.589822341866437005e-01
-4.244137431621219925e-01 -6.895997856342838128e-01
-4.154605070568623271e-01 -7.199971572832259969e-01
-4.060842421418687787e-01 -7.501635995370492527e-01
-3.962824426449697013e-01 -7.800882710084450222e-01
-3.860524093132673973e-01 -8.097602287958437506e-01
-3.753912369259227999e-01 -8.391684178000803351e-01
-3.642958009016222798e-01 -8.683016589829869458e-01
-3.527627429444823437e-01 -8.971486364593815876e-01
-3.407884556681424759e-01 -9.256978833022372344e-01
-3.283690661336317596e-01 -9.539377659276926380e-01
-3.155004182323002948e-01 -9.818564669118282628e-01
-3.021780538407071171e-01 -1.009441966074548391e+00
-2.883971926699069321e-01 -1.036682019647272135e+00
-2.741527107271281016e-01 -1.063564137320137659e+00
-2.594391173034699682e-01 -1.090075556940779844e+00
-2.442505303970788910e-01 -1.116203216610083926e+00
-2.285806504774217651e-01 -1.141933723890233621e+00
-2.124227324929474914e-01 -1.167253321806445587e+00
-1.957695560218407349e-01 -1.192147851285421556e+00
-1.786133934640197207e-01 -1.216602709630232759e+00
-1.609459761723875948e-01 -1.240602804582365826e+00
-1.427584584230806308e-01 -1.264132503466234292e+00
-1.240413791286659739e-01 -1.287175576848782255e+00
-1.047846212056699339e-01 -1.309715136075831010e+00
-8.497736851940301817e-02 -1.331733563966523759e+00
-6.460806034596341951e-02 -1.353212437856311068e+00
-4.366434331501616722e-02 -1.374132444076091142e+00
-2.213302082929000103e-02 -1.394473282838775363e+00
-0.000000000000000000e+00 -1.414213562373095145e+00
